@context
jams.components.core.TemporalContext	TimeLoop	396
@ancestors
@filters
@attributes
ID	dirQ	gwRecharge	potET	precip	satMPS	snowMelt	swe	actET	actMPS	bQ	basQ	dQ	gwStorage	gwr	sQ	tQcbm	tmax	tmean	tmin	totQcbm	
@types
JAMSLong	JAMSDouble	JAMSDouble	JAMSDouble	JAMSDouble	JAMSDouble	JAMSDouble	JAMSDouble	JAMSDouble	JAMSDouble	JAMSDouble	JAMSDouble	JAMSDouble	JAMSDouble	JAMSDouble	JAMSDouble	JAMSDouble	JAMSDouble	JAMSDouble	JAMSDouble	JAMSDouble	
@data
@start
2018-08-01 00:00	1.777991	2.256936	3.912521	6.146941	0.990591	0.000000	0.000000	3.912418	264.972523	0.000000	0.000000	0.000000	0.000000	0.000000	0.000000	0.000000	28.783389	23.883463	18.749005	1069.758503	
2018-08-02 00:00	0.472662	0.957811	4.113921	2.849362	0.976867	0.000000	0.000000	4.113535	262.277877	0.000000	0.000000	0.000000	0.000000	0.000000	0.000000	0.000000	29.447346	23.352733	17.972119	379.253681	
2018-08-03 00:00	0.000101	0.001868	4.875092	0.550905	0.955343	0.000000	0.000000	4.870187	257.956626	0.000000	0.000000	0.000000	0.000000	0.000000	0.000000	0.000000	32.225675	25.031922	17.221122	0.522131	
2018-08-04 00:00	0.015583	0.088364	4.816412	2.067660	0.941524	0.000000	0.000000	4.809729	255.110610	0.000000	0.000000	0.000000	0.000000	0.000000	0.000000	0.000000	32.708400	25.600508	18.294848	27.558808	
2018-08-05 00:00	0.000000	0.000000	3.871017	0.002608	0.922730	0.000000	0.000000	3.861172	251.252046	0.000000	0.000000	0.000000	0.000000	0.000000	0.000000	0.000000	26.010392	20.982107	14.112029	0.000000	
2018-08-06 00:00	0.000000	0.000000	4.928435	0.000000	0.898930	0.000000	0.000000	4.913459	246.338587	0.000000	0.000000	0.000000	0.000000	0.000000	0.000000	0.000000	30.278039	21.532109	11.336690	0.000000	
2018-08-07 00:00	0.000000	0.000000	5.348422	0.000000	0.873460	0.000000	0.000000	5.324996	241.013591	0.000000	0.000000	0.000000	0.000000	0.000000	0.000000	0.000000	34.526256	25.893853	16.340434	0.000000	
2018-08-08 00:00	0.000008	0.000351	4.564532	0.475498	0.855056	0.000000	0.000000	4.542580	236.946150	0.000000	0.000000	0.000000	0.000000	0.000000	0.000000	0.000000	32.119145	25.331952	18.370836	0.095064	
2018-08-09 00:00	0.000000	0.000000	4.868916	0.819498	0.835522	0.000000	0.000000	4.834542	232.931106	0.000000	0.000000	0.000000	0.000000	0.000000	0.000000	0.000000	33.581809	24.208393	16.848223	0.000000	
2018-08-10 00:00	0.000000	0.000000	3.275288	0.028795	0.820425	0.000000	0.000000	3.233051	229.726850	0.000000	0.000000	0.000000	0.000000	0.000000	0.000000	0.000000	23.620920	18.769584	13.382050	0.000000	
2018-08-11 00:00	0.000000	0.000000	3.490486	0.040688	0.804716	0.000000	0.000000	3.430119	226.337419	0.000000	0.000000	0.000000	0.000000	0.000000	0.000000	0.000000	23.091369	17.262803	10.239555	0.000000	
2018-08-12 00:00	0.000000	0.000000	4.341349	0.000000	0.785341	0.000000	0.000000	4.245559	222.091860	0.000000	0.000000	0.000000	0.000000	0.000000	0.000000	0.000000	27.089611	18.302728	8.118702	0.000000	
2018-08-13 00:00	0.000000	0.000000	3.888320	2.054548	0.778139	0.000000	0.000000	3.797228	220.349180	0.000000	0.000000	0.000000	0.000000	0.000000	0.000000	0.000000	26.618026	18.528522	11.402602	0.000000	
2018-08-14 00:00	0.000000	0.000000	2.801644	0.359983	0.767626	0.000000	0.000000	2.719849	217.989314	0.000000	0.000000	0.000000	0.000000	0.000000	0.000000	0.000000	22.032794	17.519034	13.527305	0.000000	
2018-08-15 00:00	0.000000	0.000000	3.216664	0.018782	0.753902	0.000000	0.000000	3.107222	214.900873	0.000000	0.000000	0.000000	0.000000	0.000000	0.000000	0.000000	23.516748	17.614385	12.210954	0.000000	
2018-08-16 00:00	0.000000	0.000000	4.455466	0.000000	0.735153	0.000000	0.000000	4.278134	210.622740	0.000000	0.000000	0.000000	0.000000	0.000000	0.000000	0.000000	29.418395	20.509881	10.714784	0.000000	
2018-08-17 00:00	0.000060	0.000712	4.235374	5.092826	0.743064	0.000000	0.000000	4.100326	211.614467	0.000000	0.000000	0.000000	0.000000	0.000000	0.000000	0.000000	30.077141	21.855346	14.121515	0.204819	
2018-08-18 00:00	0.000000	0.000000	3.360661	0.000000	0.728402	0.000000	0.000000	3.220622	208.393845	0.000000	0.000000	0.000000	0.000000	0.000000	0.000000	0.000000	25.915755	19.741327	14.423707	0.000000	
2018-08-19 00:00	0.000000	0.000000	4.264764	0.000000	0.710561	0.000000	0.000000	4.063585	204.330260	0.000000	0.000000	0.000000	0.000000	0.000000	0.000000	0.000000	29.891588	21.474504	12.811176	0.000000	
2018-08-20 00:00	0.000000	0.000000	3.256787	0.082971	0.697784	0.000000	0.000000	3.079405	201.333826	0.000000	0.000000	0.000000	0.000000	0.000000	0.000000	0.000000	24.741620	19.914015	13.709232	0.000000	
2018-08-21 00:00	0.000000	0.000000	3.070508	0.159904	0.686481	0.000000	0.000000	2.888486	198.605245	0.000000	0.000000	0.000000	0.000000	0.000000	0.000000	0.000000	24.485633	19.350346	14.230997	0.000000	
2018-08-22 00:00	0.000000	0.000000	4.218693	0.000000	0.669858	0.000000	0.000000	3.950383	194.654862	0.000000	0.000000	0.000000	0.000000	0.000000	0.000000	0.000000	30.050082	21.485228	12.553550	0.000000	
2018-08-23 00:00	0.000001	0.000020	4.175340	2.688558	0.667000	0.000000	0.000000	3.918542	193.424857	0.000000	0.000000	0.000000	0.000000	0.000000	0.000000	0.000000	31.679223	22.242502	14.912096	0.005435	
2018-08-24 00:00	0.000004	0.000070	2.761947	2.953857	0.670899	0.000000	0.000000	2.601674	193.776967	0.000000	0.000000	0.000000	0.000000	0.000000	0.000000	0.000000	22.251046	17.662513	12.645459	0.019411	
2018-08-25 00:00	0.000000	0.000008	2.222556	1.197021	0.668032	0.000000	0.000000	2.088328	192.885651	0.000000	0.000000	0.000000	0.000000	0.000000	0.000000	0.000000	16.445093	12.800952	7.875827	0.002229	
2018-08-26 00:00	0.000000	0.000000	2.710856	0.013979	0.657225	0.000000	0.000000	2.534932	190.364698	0.000000	0.000000	0.000000	0.000000	0.000000	0.000000	0.000000	19.120762	12.312148	5.722135	0.000000	
2018-08-27 00:00	0.000000	0.000000	2.727913	0.099331	0.646973	0.000000	0.000000	2.537329	187.926700	0.000000	0.000000	0.000000	0.000000	0.000000	0.000000	0.000000	20.474586	15.222734	9.015412	0.000000	
2018-08-28 00:00	0.000000	0.000000	2.894310	0.000000	0.635835	0.000000	0.000000	2.674337	185.252364	0.000000	0.000000	0.000000	0.000000	0.000000	0.000000	0.000000	22.962975	16.843724	11.086485	0.000000	
2018-08-29 00:00	0.000001	0.000022	3.872950	3.539184	0.638117	0.000000	0.000000	3.611649	185.179877	0.000000	0.000000	0.000000	0.000000	0.000000	0.000000	0.000000	28.436808	19.636098	9.990847	0.005924	
2018-08-30 00:00	0.000001	0.000047	2.341977	1.184259	0.634897	0.000000	0.000000	2.175137	184.188951	0.000000	0.000000	0.000000	0.000000	0.000000	0.000000	0.000000	19.403356	15.818970	10.833096	0.012851	
2018-08-31 00:00	0.000000	0.000000	2.290845	0.002936	0.625856	0.000000	0.000000	2.114747	182.077140	0.000000	0.000000	0.000000	0.000000	0.000000	0.000000	0.000000	18.414816	13.465249	8.672423	0.000000	
2018-09-01 00:00	0.000000	0.000000	2.415040	0.468282	0.618768	0.000000	0.000000	2.214489	180.330933	0.000000	0.000000	0.000000	0.000000	0.000000	0.000000	0.000000	19.460722	13.751457	7.069786	0.000000	
2018-09-02 00:00	0.000106	0.002613	1.392826	6.042561	0.645174	0.000000	0.000000	1.304767	185.066008	0.000000	0.000000	0.000000	0.000000	0.000000	0.000000	0.000000	15.556505	13.698023	11.179844	0.720966	
2018-09-03 00:00	0.000110	0.001070	1.681153	4.886226	0.662254	0.000000	0.000000	1.601969	188.349085	0.000000	0.000000	0.000000	0.000000	0.000000	0.000000	0.000000	19.100013	15.998875	13.736648	0.313013	
2018-09-04 00:00	0.000000	0.000000	2.677409	0.123017	0.650862	0.000000	0.000000	2.540218	185.931884	0.000000	0.000000	0.000000	0.000000	0.000000	0.000000	0.000000	24.947449	18.165293	12.802652	0.000000	
2018-09-05 00:00	0.000000	0.000000	2.813790	0.000000	0.638597	0.000000	0.000000	2.650219	183.281665	0.000000	0.000000	0.000000	0.000000	0.000000	0.000000	0.000000	25.158658	17.894831	11.285889	0.000000	
2018-09-06 00:00	0.000325	0.003210	2.854499	6.130459	0.655620	0.000000	0.000000	2.724692	186.683898	0.000000	0.000000	0.000000	0.000000	0.000000	0.000000	0.000000	26.051757	18.268405	11.775638	0.937059	
2018-09-07 00:00	0.000011	0.000173	2.278872	0.906341	0.650072	0.000000	0.000000	2.162173	185.427882	0.000000	0.000000	0.000000	0.000000	0.000000	0.000000	0.000000	21.442540	16.158752	10.852827	0.048792	
2018-09-08 00:00	0.000000	0.000000	2.309401	0.000543	0.640166	0.000000	0.000000	2.177222	183.251203	0.000000	0.000000	0.000000	0.000000	0.000000	0.000000	0.000000	20.391503	14.073278	7.799062	0.000000	
2018-09-09 00:00	0.000000	0.000000	2.467405	0.000543	0.629834	0.000000	0.000000	2.310853	180.940893	0.000000	0.000000	0.000000	0.000000	0.000000	0.000000	0.000000	22.850893	15.698734	9.621673	0.000000	
2018-09-10 00:00	0.000000	0.000000	2.854768	0.001176	0.618169	0.000000	0.000000	2.655373	178.286696	0.000000	0.000000	0.000000	0.000000	0.000000	0.000000	0.000000	25.403131	17.541348	9.202848	0.000000	
2018-09-11 00:00	0.000000	0.000000	2.628031	0.000000	0.607700	0.000000	0.000000	2.423730	175.862966	0.000000	0.000000	0.000000	0.000000	0.000000	0.000000	0.000000	25.590305	18.865345	12.569325	0.000000	
2018-09-12 00:00	0.000000	0.000000	3.009089	0.042021	0.596158	0.000000	0.000000	2.754710	173.150277	0.000000	0.000000	0.000000	0.000000	0.000000	0.000000	0.000000	28.228569	19.744164	11.623897	0.000000	
2018-09-13 00:00	0.000000	0.000000	1.246942	0.440276	0.593428	0.000000	0.000000	1.130187	172.460366	0.000000	0.000000	0.000000	0.000000	0.000000	0.000000	0.000000	16.624427	14.191872	12.465602	0.000000	
2018-09-14 00:00	0.000000	0.000000	1.800951	0.152773	0.587251	0.000000	0.000000	1.632027	170.981112	0.000000	0.000000	0.000000	0.000000	0.000000	0.000000	0.000000	19.553711	14.539351	10.980538	0.000000	
2018-09-15 00:00	0.000000	0.000000	2.035353	0.001176	0.579616	0.000000	0.000000	1.836665	169.145622	0.000000	0.000000	0.000000	0.000000	0.000000	0.000000	0.000000	19.856682	14.039565	8.389072	0.000000	
2018-09-16 00:00	0.000000	0.000000	2.425781	0.000000	0.570640	0.000000	0.000000	2.175871	166.969752	0.000000	0.000000	0.000000	0.000000	0.000000	0.000000	0.000000	22.751685	14.425445	6.499034	0.000000	
2018-09-17 00:00	0.000000	0.000000	2.671779	0.000000	0.560927	0.000000	0.000000	2.381589	164.588162	0.000000	0.000000	0.000000	0.000000	0.000000	0.000000	0.000000	25.715600	16.653642	8.074620	0.000000	
2018-09-18 00:00	0.000000	0.000000	2.950408	0.132869	0.551020	0.000000	0.000000	2.610175	162.110857	0.000000	0.000000	0.000000	0.000000	0.000000	0.000000	0.000000	28.998016	19.614710	10.381489	0.000000	
2018-09-19 00:00	0.000000	0.000000	2.649868	0.161055	0.542498	0.000000	0.000000	2.324429	159.947483	0.000000	0.000000	0.000000	0.000000	0.000000	0.000000	0.000000	28.060818	20.545924	13.441146	0.000000	
2018-09-20 00:00	0.000000	0.000000	2.586835	0.000000	0.533550	0.000000	0.000000	2.250703	157.696780	0.000000	0.000000	0.000000	0.000000	0.000000	0.000000	0.000000	27.993771	20.470854	13.675972	0.000000	
2018-09-21 00:00	0.000000	0.000000	2.504927	3.548097	0.542359	0.000000	0.000000	2.213457	159.031419	0.000000	0.000000	0.000000	0.000000	0.000000	0.000000	0.000000	26.151670	17.250551	9.717802	0.000000	
2018-09-22 00:00	0.000000	0.000004	1.387996	1.772441	0.546314	0.000000	0.000000	1.228535	159.575321	0.000000	0.000000	0.000000	0.000000	0.000000	0.000000	0.000000	15.925293	11.599508	8.469702	0.001061	
2018-09-23 00:00	0.021429	0.081785	1.382642	29.398120	0.683891	0.000000	0.000000	1.369125	187.501101	0.000000	0.000000	0.000000	0.000000	0.000000	0.000000	0.000000	14.877265	9.948873	6.158690	27.364564	
2018-09-24 00:00	0.000434	0.006067	1.192817	2.465107	0.689583	0.000000	0.000000	1.182988	188.776720	0.000000	0.000000	0.000000	0.000000	0.000000	0.000000	0.000000	12.127532	7.807280	4.401552	1.723683	
2018-09-25 00:00	0.000000	0.000000	1.321262	0.010664	0.682941	0.000000	0.000000	1.308047	187.479336	0.000000	0.000000	0.000000	0.000000	0.000000	0.000000	0.000000	12.702907	6.845975	2.177711	0.000000	
2018-09-26 00:00	0.000000	0.000000	1.636674	0.001865	0.674750	0.000000	0.000000	1.616757	185.864444	0.000000	0.000000	0.000000	0.000000	0.000000	0.000000	0.000000	15.652033	8.806409	1.452601	0.000000	
2018-09-27 00:00	0.000000	0.000000	2.027431	0.000000	0.664685	0.000000	0.000000	1.996307	183.868137	0.000000	0.000000	0.000000	0.000000	0.000000	0.000000	0.000000	22.559370	13.656995	6.683597	0.000000	
2018-09-28 00:00	0.000000	0.000004	1.470423	0.328994	0.659348	0.000000	0.000000	1.441151	182.755976	0.000000	0.000000	0.000000	0.000000	0.000000	0.000000	0.000000	15.022517	9.588141	3.644984	0.001123	
2018-09-29 00:00	0.000000	0.000000	1.381995	0.000841	0.652621	0.000000	0.000000	1.349358	181.407460	0.000000	0.000000	0.000000	0.000000	0.000000	0.000000	0.000000	13.661966	6.972384	0.935517	0.000000	
2018-09-30 00:00	0.000000	0.000000	1.653050	0.000844	0.644739	0.000000	0.000000	1.607714	179.800590	0.000000	0.000000	0.000000	0.000000	0.000000	0.000000	0.000000	17.870151	8.924719	1.863755	0.000000	
2018-10-01 00:00	0.000000	0.000000	1.059811	1.505255	0.647649	0.000000	0.000000	1.029615	180.276230	0.000000	0.000000	0.000000	0.000000	0.000000	0.000000	0.000000	12.037323	6.753199	2.347794	0.000000	
2018-10-02 00:00	0.000075	0.000399	0.805546	1.913105	0.653255	0.000000	0.000000	0.784813	181.404047	0.000000	0.000000	0.000000	0.000000	0.000000	0.000000	0.000000	9.449018	6.317004	3.450156	0.125612	
2018-10-03 00:00	0.000000	0.000000	1.120982	0.004266	0.647855	0.000000	0.000000	1.087774	180.320539	0.000000	0.000000	0.000000	0.000000	0.000000	0.000000	0.000000	13.742336	9.926190	4.859518	0.000000	
2018-10-04 00:00	0.000000	0.000000	1.257030	0.000844	0.641890	0.000000	0.000000	1.215200	179.106184	0.000000	0.000000	0.000000	0.000000	0.000000	0.000000	0.000000	15.223192	8.798405	2.726676	0.000000	
2018-10-05 00:00	0.000000	0.000000	1.573005	0.000000	0.634555	0.000000	0.000000	1.514512	177.591672	0.000000	0.000000	0.000000	0.000000	0.000000	0.000000	0.000000	20.492031	11.504895	3.978219	0.000000	
2018-10-06 00:00	0.000000	0.000000	1.650720	0.000652	0.627008	0.000000	0.000000	1.580401	176.011923	0.000000	0.000000	0.000000	0.000000	0.000000	0.000000	0.000000	22.669045	14.604992	7.338598	0.000000	
2018-10-07 00:00	0.000000	0.000000	1.104185	0.054667	0.622308	0.000000	0.000000	1.050341	175.016249	0.000000	0.000000	0.000000	0.000000	0.000000	0.000000	0.000000	15.164908	10.644096	5.940965	0.000000	
2018-10-08 00:00	0.000000	0.000000	1.238242	0.005192	0.616821	0.000000	0.000000	1.173325	173.848115	0.000000	0.000000	0.000000	0.000000	0.000000	0.000000	0.000000	17.142245	10.121282	4.700880	0.000000	
2018-10-09 00:00	0.000000	0.000000	1.415018	0.012045	0.610672	0.000000	0.000000	1.334564	172.525596	0.000000	0.000000	0.000000	0.000000	0.000000	0.000000	0.000000	20.558344	12.228345	6.160271	0.000000	
2018-10-10 00:00	0.000000	0.000000	1.454846	0.003890	0.604395	0.000000	0.000000	1.364159	171.165327	0.000000	0.000000	0.000000	0.000000	0.000000	0.000000	0.000000	21.410667	13.558835	7.016883	0.000000	
2018-10-11 00:00	0.000000	0.000000	1.491778	0.004962	0.598052	0.000000	0.000000	1.391538	169.778751	0.000000	0.000000	0.000000	0.000000	0.000000	0.000000	0.000000	22.927042	15.000879	8.657065	0.000000	
2018-10-12 00:00	0.000000	0.000000	1.524183	0.000887	0.591650	0.000000	0.000000	1.413492	168.366146	0.000000	0.000000	0.000000	0.000000	0.000000	0.000000	0.000000	24.251240	16.446731	10.216688	0.000000	
2018-10-13 00:00	0.000000	0.000000	1.531245	0.000000	0.585305	0.000000	0.000000	1.411126	166.955020	0.000000	0.000000	0.000000	0.000000	0.000000	0.000000	0.000000	24.656570	16.138437	9.777427	0.000000	
2018-10-14 00:00	0.000000	0.000000	1.432760	0.000000	0.579450	0.000000	0.000000	1.313013	165.642007	0.000000	0.000000	0.000000	0.000000	0.000000	0.000000	0.000000	22.666228	14.673143	7.931781	0.000000	
2018-10-15 00:00	0.000000	0.000000	1.400426	0.000000	0.573800	0.000000	0.000000	1.276055	164.365952	0.000000	0.000000	0.000000	0.000000	0.000000	0.000000	0.000000	22.877391	14.329914	7.954393	0.000000	
2018-10-16 00:00	0.000000	0.000000	1.184730	0.062921	0.569436	0.000000	0.000000	1.073318	163.355555	0.000000	0.000000	0.000000	0.000000	0.000000	0.000000	0.000000	19.740198	12.784290	7.574994	0.000000	
2018-10-17 00:00	0.000000	0.000000	1.222973	0.000000	0.564599	0.000000	0.000000	1.102391	162.253164	0.000000	0.000000	0.000000	0.000000	0.000000	0.000000	0.000000	20.628937	12.605492	7.127256	0.000000	
2018-10-18 00:00	0.000000	0.000000	0.975937	0.131654	0.561408	0.000000	0.000000	0.875093	161.509725	0.000000	0.000000	0.000000	0.000000	0.000000	0.000000	0.000000	16.115365	11.370357	6.477599	0.000000	
2018-10-19 00:00	0.000000	0.000000	0.716658	0.000000	0.558624	0.000000	0.000000	0.640355	160.869371	0.000000	0.000000	0.000000	0.000000	0.000000	0.000000	0.000000	13.366304	10.750199	7.475365	0.000000	
2018-10-20 00:00	0.000000	0.000000	0.884531	0.000000	0.555215	0.000000	0.000000	0.787612	160.081758	0.000000	0.000000	0.000000	0.000000	0.000000	0.000000	0.000000	13.841372	8.441787	3.265152	0.000000	
2018-10-21 00:00	0.000000	0.000000	0.869071	0.000000	0.551897	0.000000	0.000000	0.771280	159.310478	0.000000	0.000000	0.000000	0.000000	0.000000	0.000000	0.000000	13.901923	7.658442	2.705459	0.000000	
2018-10-22 00:00	0.000001	0.000028	0.786840	1.438156	0.556124	0.000000	0.000000	0.701263	160.047342	0.000000	0.000000	0.000000	0.000000	0.000000	0.000000	0.000000	11.910584	6.025866	1.098442	0.007685	
2018-10-23 00:00	0.000257	0.001446	0.690093	5.750070	0.583268	0.000000	0.000000	0.635118	165.160591	0.000000	0.000000	0.000000	0.000000	0.000000	0.000000	0.000000	10.090299	6.741605	1.902660	0.451388	
2018-10-24 00:00	0.001103	0.006045	0.473155	4.837385	0.605909	0.000000	0.000000	0.444947	169.545880	0.000000	0.000000	0.000000	0.000000	0.000000	0.000000	0.000000	11.670025	9.951056	8.590413	1.895313	
2018-10-25 00:00	0.000086	0.002998	0.512143	0.768314	0.607183	0.000000	0.000000	0.481680	169.829430	0.000000	0.000000	0.000000	0.000000	0.000000	0.000000	0.000000	12.286140	10.520677	8.721509	0.817652	
2018-10-26 00:00	0.000495	0.002791	0.481115	0.814748	0.609424	0.000000	0.000000	0.454155	170.186737	0.000000	0.000000	0.000000	0.000000	0.000000	0.000000	0.000000	10.809577	8.750050	7.090798	0.871270	
2018-10-27 00:00	0.000000	0.000000	0.464096	0.012566	0.607305	0.000001	0.000000	0.436868	169.762434	0.000000	0.000000	0.000000	0.000000	0.000000	0.000000	0.000000	7.721198	5.606095	3.060435	0.000000	
2018-10-28 00:00	0.001468	0.019068	0.302375	4.803935	0.629034	0.121927	0.185076	0.289794	174.070964	0.000000	0.000000	0.000000	0.000000	0.000000	0.000000	0.000000	4.324404	2.995772	1.731796	5.444572	
2018-10-29 00:00	0.000862	0.004578	0.322871	0.796426	0.632022	0.170952	0.031346	0.310884	174.704796	0.000000	0.000000	0.000000	0.000000	0.000000	0.000000	0.000000	5.315463	3.083395	2.190375	1.442299	
2018-10-30 00:00	0.006986	0.015445	0.611649	1.849903	0.638564	0.031346	0.000000	0.591906	175.971707	0.000000	0.000000	0.000000	0.000000	0.000000	0.000000	0.000000	11.466417	6.346851	3.246076	5.947234	
2018-10-31 00:00	0.000000	0.000000	0.692641	0.000537	0.635146	0.000000	0.000000	0.667611	175.304633	0.000000	0.000000	0.000000	0.000000	0.000000	0.000000	0.000000	12.213087	6.815949	1.652117	0.000000	
2018-11-01 00:00	0.000000	0.000000	0.619817	0.049501	0.632403	0.000000	0.000000	0.595666	174.758468	0.000000	0.000000	0.000000	0.000000	0.000000	0.000000	0.000000	11.430616	6.331227	1.508094	0.000000	
2018-11-02 00:00	0.000000	0.000000	0.590864	0.000165	0.629556	0.000000	0.000000	0.566021	174.192612	0.000000	0.000000	0.000000	0.000000	0.000000	0.000000	0.000000	12.171729	7.760984	3.785869	0.000000	
2018-11-03 00:00	0.000000	0.000000	0.418846	0.004747	0.627587	0.000000	0.000000	0.399682	173.797677	0.000000	0.000000	0.000000	0.000000	0.000000	0.000000	0.000000	9.389463	6.708377	4.410907	0.000000	
2018-11-04 00:00	0.000000	0.000000	0.396173	0.019689	0.625774	0.000000	0.000000	0.378702	173.438663	0.000000	0.000000	0.000000	0.000000	0.000000	0.000000	0.000000	10.153529	8.416177	6.362896	0.000000	
2018-11-05 00:00	0.000000	0.000000	0.603712	0.009535	0.622928	0.000000	0.000000	0.575301	172.872897	0.000000	0.000000	0.000000	0.000000	0.000000	0.000000	0.000000	13.598386	9.592092	5.260439	0.000000	
2018-11-06 00:00	0.000000	0.000000	0.676019	0.003383	0.619720	0.000000	0.000000	0.642916	172.233364	0.000000	0.000000	0.000000	0.000000	0.000000	0.000000	0.000000	16.012483	9.686490	5.260235	0.000000	
2018-11-07 00:00	0.000000	0.000000	0.585595	0.124063	0.617656	0.000000	0.000000	0.555881	171.801546	0.000000	0.000000	0.000000	0.000000	0.000000	0.000000	0.000000	14.330649	8.757441	5.057466	0.000000	
2018-11-08 00:00	0.000001	0.000002	0.483985	0.594902	0.618408	0.000000	0.000000	0.459044	171.937401	0.000000	0.000000	0.000000	0.000000	0.000000	0.000000	0.000000	12.420545	9.162999	6.147848	0.000613	
2018-11-09 00:00	0.000000	0.000000	0.442777	0.010928	0.616391	0.000000	0.000000	0.419165	171.529164	0.000000	0.000000	0.000000	0.000000	0.000000	0.000000	0.000000	11.060244	8.297122	5.343670	0.000000	
2018-11-10 00:00	0.000003	0.000016	0.459590	1.022520	0.619400	0.000000	0.000000	0.437083	172.114581	0.000000	0.000000	0.000000	0.000000	0.000000	0.000000	0.000000	11.522996	8.018717	4.933217	0.005047	
2018-11-11 00:00	0.000208	0.000977	0.452638	1.611982	0.625466	0.000000	0.000000	0.432227	173.293152	0.000000	0.000000	0.000000	0.000000	0.000000	0.000000	0.000000	12.571377	9.367459	6.781644	0.314237	
2018-11-12 00:00	0.000574	0.002957	0.598300	1.845855	0.631397	0.000000	0.000000	0.573311	174.562164	0.000000	0.000000	0.000000	0.000000	0.000000	0.000000	0.000000	16.540226	11.476927	7.562111	0.936265	
2018-11-13 00:00	0.002536	0.014087	0.467819	2.231703	0.640080	0.000000	0.000000	0.450532	176.326712	0.000000	0.000000	0.000000	0.000000	0.000000	0.000000	0.000000	11.907909	9.402777	5.255397	4.407209	
2018-11-14 00:00	0.000000	0.000000	0.411255	0.015889	0.638153	0.000000	0.000000	0.395483	175.947118	0.000000	0.000000	0.000000	0.000000	0.000000	0.000000	0.000000	8.894552	5.436427	1.544211	0.000116	
2018-11-15 00:00	0.000000	0.000000	0.402690	0.021455	0.636270	0.000015	0.000000	0.386797	175.581775	0.000000	0.000000	0.000000	0.000000	0.000000	0.000000	0.000000	8.531417	3.895241	0.371295	0.000054	
2018-11-16 00:00	0.000000	0.000000	0.396115	0.003069	0.634363	0.000278	0.000000	0.380033	175.204811	0.000000	0.000000	0.000000	0.000000	0.000000	0.000000	0.000000	7.897100	2.557284	-1.388294	0.000000	
2018-11-17 00:00	0.000000	0.000000	0.321263	0.004729	0.632828	0.004729	0.000000	0.307691	174.901849	0.000000	0.000000	0.000000	0.000000	0.000000	0.000000	0.000000	4.976936	0.534777	-2.788911	0.000000	
2018-11-18 00:00	0.000301	0.001802	0.271605	2.479969	0.635540	0.838904	1.641065	0.260556	175.478095	0.000000	0.000000	0.000000	0.000000	0.000000	0.000000	0.000000	2.355657	-1.514172	-5.041382	0.557552	
2018-11-19 00:00	0.000132	0.001839	0.210720	1.475098	0.644241	1.429830	1.196417	0.203250	177.192619	0.000000	0.000000	0.000000	0.000000	0.000000	0.000000	0.000000	2.295828	0.852999	-1.174355	0.522565	
2018-11-20 00:00	0.000040	0.000940	0.143656	2.446033	0.646797	0.495717	2.972835	0.138801	177.722453	0.000000	0.000000	0.000000	0.000000	0.000000	0.000000	0.000000	0.742195	0.024890	-1.064781	0.259727	
2018-11-21 00:00	0.000106	0.001419	0.142872	0.988561	0.650423	0.755160	3.090493	0.138460	178.453370	0.000000	0.000000	0.000000	0.000000	0.000000	0.000000	0.000000	1.230375	0.306257	-0.578954	0.404496	
2018-11-22 00:00	0.000240	0.002052	0.160486	0.149254	0.655621	1.184068	2.003348	0.156063	179.531414	0.000000	0.000000	0.000000	0.000000	0.000000	0.000000	0.000000	1.940164	0.953155	-0.210688	0.607701	
2018-11-23 00:00	0.002715	0.016900	0.231172	0.033339	0.661439	1.473393	0.551743	0.225058	180.771685	0.000000	0.000000	0.000000	0.000000	0.000000	0.000000	0.000000	3.503384	1.268568	-0.966094	5.200316	
2018-11-24 00:00	0.016491	0.050434	0.260237	1.045781	0.667567	0.708968	0.049284	0.253923	181.999077	0.000000	0.000000	0.000000	0.000000	0.000000	0.000000	0.000000	4.832304	2.256703	-0.360016	17.743467	
2018-11-25 00:00	0.004081	0.022129	0.272529	0.129532	0.666963	0.049266	0.000017	0.265606	181.886058	0.000000	0.000000	0.000000	0.000000	0.000000	0.000000	0.000000	6.563309	4.059403	1.618413	6.949142	
2018-11-26 00:00	0.000598	0.003508	0.214758	0.286384	0.667244	0.146358	0.003164	0.209328	181.955863	0.000000	0.000000	0.000000	0.000000	0.000000	0.000000	0.000000	3.920338	2.253315	0.202457	1.088406	
2018-11-27 00:00	0.000000	0.000000	0.180954	0.004900	0.666336	0.000000	0.008064	0.176180	181.779683	0.000000	0.000000	0.000000	0.000000	0.000000	0.000000	0.000000	0.787426	-0.792360	-3.042083	0.000000	
2018-11-28 00:00	0.000008	0.000042	0.202074	0.062258	0.665580	0.050854	0.018538	0.196722	181.634696	0.000000	0.000000	0.000000	0.000000	0.000000	0.000000	0.000000	1.677137	-0.991615	-3.412375	0.013077	
2018-11-29 00:00	0.000017	0.000083	0.248554	0.031662	0.664591	0.024034	0.004560	0.242060	181.438175	0.000000	0.000000	0.000000	0.000000	0.000000	0.000000	0.000000	4.631979	1.341046	-1.319309	0.026333	
2018-11-30 00:00	0.000700	0.008100	0.175575	3.336908	0.670396	0.597675	2.093984	0.171568	182.505291	0.000000	0.000000	0.000000	0.000000	0.000000	0.000000	0.000000	2.805740	1.264288	-0.270205	2.332983	
2018-12-01 00:00	0.004288	0.028422	0.212335	0.387014	0.680612	1.964987	0.148780	0.207935	184.596864	0.000000	0.000000	0.000000	0.000000	0.000000	0.000000	0.000000	6.532630	4.060733	1.790455	8.672155	
2018-12-02 00:00	0.488763	0.366910	0.280149	12.637497	0.735948	0.148780	0.000000	0.278615	196.248854	0.000000	0.000000	0.000000	0.000000	0.000000	0.000000	0.000000	10.844982	7.291574	4.655344	226.859896	
2018-12-03 00:00	0.641860	0.587447	0.222487	8.710852	0.767601	0.000000	0.000000	0.221974	203.508425	0.000000	0.000000	0.000000	0.000000	0.000000	0.000000	0.000000	11.802501	9.979087	8.520408	325.919567	
2018-12-04 00:00	0.004423	0.032167	0.324357	0.556639	0.768321	0.090664	0.000000	0.323663	203.704812	0.000000	0.000000	0.000000	0.000000	0.000000	0.000000	0.000000	9.459674	4.642379	-1.338909	9.700924	
2018-12-05 00:00	0.003316	0.024229	0.201282	0.508084	0.769284	0.467506	0.040573	0.200818	203.943960	0.000000	0.000000	0.000000	0.000000	0.000000	0.000000	0.000000	3.870075	0.551167	-2.548474	7.302868	
2018-12-06 00:00	0.016224	0.112921	0.270967	0.637473	0.770299	0.056926	0.000000	0.270361	204.222500	0.000000	0.000000	0.000000	0.000000	0.000000	0.000000	0.000000	9.350956	5.038660	1.792992	34.239482	
2018-12-07 00:00	0.323975	0.641963	0.270504	4.891932	0.785717	0.000000	0.000000	0.270166	207.878328	0.000000	0.000000	0.000000	0.000000	0.000000	0.000000	0.000000	10.605357	9.412639	5.222628	256.093834	
2018-12-08 00:00	1.492686	1.067394	0.184108	10.228882	0.815801	0.003932	0.011035	0.184032	215.352064	0.000000	0.000000	0.000000	0.000000	0.000000	0.000000	0.000000	7.040861	5.104264	3.451065	678.740272	
2018-12-09 00:00	0.473124	1.126803	0.204857	6.029532	0.832459	0.004788	0.013674	0.204822	219.574208	0.000000	0.000000	0.000000	0.000000	0.000000	0.000000	0.000000	7.463331	5.524983	3.159769	424.180055	
2018-12-10 00:00	0.071435	0.401719	0.146801	2.536323	0.839403	0.243726	0.124338	0.146786	221.379927	0.000000	0.000000	0.000000	0.000000	0.000000	0.000000	0.000000	3.942362	2.469193	0.958546	125.444731	
2018-12-11 00:00	0.031308	0.280725	0.117831	2.354802	0.845995	0.207336	0.427000	0.117822	223.002213	0.000000	0.000000	0.000000	0.000000	0.000000	0.000000	0.000000	3.285959	2.252893	1.285932	82.727653	
2018-12-12 00:00	0.008342	0.076377	0.129969	1.127149	0.848450	0.379963	0.695786	0.129963	223.645894	0.000000	0.000000	0.000000	0.000000	0.000000	0.000000	0.000000	1.904463	0.876705	-0.909181	22.460832	
2018-12-13 00:00	0.000020	0.000641	0.105402	0.144339	0.848029	0.039376	0.800749	0.105397	223.579212	0.000000	0.000000	0.000000	0.000000	0.000000	0.000000	0.000000	-0.323896	-1.446272	-2.778554	0.175277	
2018-12-14 00:00	0.000000	0.000003	0.078326	0.002072	0.847613	0.000593	0.802228	0.078322	223.501480	0.000000	0.000000	0.000000	0.000000	0.000000	0.000000	0.000000	-1.064749	-1.626389	-2.471763	0.000772	
2018-12-15 00:00	0.000000	0.000000	0.081534	0.007340	0.847173	0.000000	0.809568	0.081528	223.419951	0.000000	0.000000	0.000000	0.000000	0.000000	0.000000	0.000000	-1.588446	-2.212062	-3.239274	0.000000	
2018-12-16 00:00	0.000000	0.000000	0.118359	0.674306	0.846539	0.000000	1.483874	0.118352	223.301599	0.000000	0.000000	0.000000	0.000000	0.000000	0.000000	0.000000	-0.744872	-2.542932	-4.351400	0.000000	
2018-12-17 00:00	0.028142	0.236422	0.166725	0.572123	0.850391	1.263863	0.684953	0.166716	224.241363	0.000000	0.000000	0.000000	0.000000	0.000000	0.000000	0.000000	3.369995	1.297858	-1.181408	70.142315	
2018-12-18 00:00	0.025191	0.163794	0.186395	0.024025	0.850198	0.381138	0.316370	0.186383	224.258604	0.000000	0.000000	0.000000	0.000000	0.000000	0.000000	0.000000	4.935055	2.545020	-0.107544	50.104453	
2018-12-19 00:00	0.014328	0.126267	0.142006	2.099166	0.854258	0.735153	1.183114	0.142001	225.208431	0.000000	0.000000	0.000000	0.000000	0.000000	0.000000	0.000000	2.648112	1.269424	-0.716153	37.275165	
2018-12-20 00:00	0.238707	0.856210	0.173266	2.532293	0.861672	1.042056	0.452111	0.173262	227.203547	0.000000	0.000000	0.000000	0.000000	0.000000	0.000000	0.000000	5.306635	3.485210	1.351928	290.289659	
2018-12-21 00:00	2.352386	1.869956	0.246210	9.226986	0.880723	0.427999	0.024112	0.246210	232.389980	0.000000	0.000000	0.000000	0.000000	0.000000	0.000000	0.000000	10.335106	6.803081	4.458894	1119.446856	
2018-12-22 00:00	0.394650	1.208839	0.216276	4.500425	0.890554	0.014889	0.009223	0.216276	235.085529	0.000000	0.000000	0.000000	0.000000	0.000000	0.000000	0.000000	9.518794	7.405358	5.238771	425.124606	
2018-12-23 00:00	2.884059	3.059513	0.183234	15.473415	0.925251	0.004085	0.005197	0.183234	244.436166	0.000000	0.000000	0.000000	0.000000	0.000000	0.000000	0.000000	6.932076	5.411168	3.246647	1575.787277	
2018-12-24 00:00	0.062802	0.614200	0.171003	1.661871	0.927872	1.035032	0.114339	0.171003	245.140890	0.000000	0.000000	0.000000	0.000000	0.000000	0.000000	0.000000	3.664636	1.556650	-0.872432	179.489763	
2018-12-25 00:00	0.001140	0.012886	0.133633	0.115791	0.927392	0.033645	0.168182	0.133633	245.055179	0.000000	0.000000	0.000000	0.000000	0.000000	0.000000	0.000000	2.851266	1.609646	0.013204	3.718575	
2018-12-26 00:00	0.013328	0.120286	0.133903	0.470841	0.927950	0.200246	0.227451	0.133903	245.199234	0.000000	0.000000	0.000000	0.000000	0.000000	0.000000	0.000000	2.910741	1.596302	0.064335	35.424380	
2018-12-27 00:00	0.013662	0.122833	0.185237	0.005146	0.927393	0.224096	0.004885	0.185237	245.105214	0.000000	0.000000	0.000000	0.000000	0.000000	0.000000	0.000000	5.458070	2.717132	0.709411	36.188009	
2018-12-28 00:00	0.014929	0.159478	0.168975	0.636750	0.928398	0.479096	0.070681	0.168975	245.332786	0.000000	0.000000	0.000000	0.000000	0.000000	0.000000	0.000000	3.057225	0.916464	-1.588315	46.239698	
2018-12-29 00:00	0.211667	1.527892	0.155372	5.799194	0.936752	0.968203	1.667093	0.155372	247.640639	0.000000	0.000000	0.000000	0.000000	0.000000	0.000000	0.000000	4.013323	1.760275	0.367118	461.199813	
2018-12-30 00:00	0.303149	1.251905	0.158039	0.429383	0.937708	1.597125	0.080156	0.158039	247.943865	0.000000	0.000000	0.000000	0.000000	0.000000	0.000000	0.000000	5.838241	4.755842	3.152227	412.283155	
2018-12-31 00:00	0.066160	0.520944	0.157637	0.856330	0.938412	0.077760	0.002397	0.157637	248.133214	0.000000	0.000000	0.000000	0.000000	0.000000	0.000000	0.000000	6.693332	5.334305	4.139611	155.655753	
2019-01-01 00:00	0.227779	2.018306	0.233038	4.128038	0.944273	0.184862	0.009525	0.233038	249.775000	0.000000	0.000000	0.000000	0.000000	0.000000	0.000000	0.000000	6.535475	4.914369	0.550360	595.492317	
2019-01-02 00:00	0.008320	0.113366	0.158445	0.637799	0.944208	0.270223	0.358357	0.158445	249.783837	0.000000	0.000000	0.000000	0.000000	0.000000	0.000000	0.000000	2.086822	0.596222	-2.135452	32.261921	
2019-01-03 00:00	0.000064	0.001742	0.156454	0.247078	0.943422	0.007042	0.598393	0.156454	249.632620	0.000000	0.000000	0.000000	0.000000	0.000000	0.000000	0.000000	0.696386	-1.741067	-4.628034	0.478725	
2019-01-04 00:00	0.104474	1.008597	0.155576	5.456180	0.948083	2.241407	3.522867	0.155576	250.895677	0.000000	0.000000	0.000000	0.000000	0.000000	0.000000	0.000000	2.449806	0.243334	-1.688346	295.102604	
2019-01-05 00:00	3.304873	3.620276	0.186447	6.787458	0.956596	3.314343	0.875013	0.186447	253.219394	0.000000	0.000000	0.000000	0.000000	0.000000	0.000000	0.000000	5.828487	4.222960	2.068287	1836.027492	
2019-01-06 00:00	0.471205	2.334852	0.149019	3.636501	0.959322	0.343984	0.763967	0.149019	254.011864	0.000000	0.000000	0.000000	0.000000	0.000000	0.000000	0.000000	4.809712	3.513856	2.256465	743.955035	
2019-01-07 00:00	0.519858	2.558952	0.132912	4.346759	0.962445	0.209634	0.968880	0.132912	254.941987	0.000000	0.000000	0.000000	0.000000	0.000000	0.000000	0.000000	4.279993	3.405228	2.316931	816.268546	
2019-01-08 00:00	1.522410	4.201306	0.182080	8.964816	0.968606	0.493603	2.193059	0.182080	256.776827	0.000000	0.000000	0.000000	0.000000	0.000000	0.000000	0.000000	4.436231	3.086490	0.572856	1517.498227	
2019-01-09 00:00	0.040806	0.409624	0.112299	8.957728	0.969686	0.684495	10.221368	0.112299	257.143517	0.000000	0.000000	0.000000	0.000000	0.000000	0.000000	0.000000	1.077597	-0.292545	-0.946932	119.419922	
2019-01-10 00:00	0.000078	0.001378	0.129766	1.632573	0.969025	0.010106	11.843835	0.129766	257.022401	0.000000	0.000000	0.000000	0.000000	0.000000	0.000000	0.000000	-0.412023	-1.682494	-3.489486	0.386024	
2019-01-11 00:00	0.105145	1.188642	0.187346	4.012524	0.971155	2.131880	13.711176	0.187346	257.686451	0.000000	0.000000	0.000000	0.000000	0.000000	0.000000	0.000000	2.523957	-0.892571	-3.289274	343.014726	
2019-01-12 00:00	2.811771	4.632960	0.129948	5.257785	0.977000	4.928109	9.799959	0.129948	259.280774	0.000000	0.000000	0.000000	0.000000	0.000000	0.000000	0.000000	3.559150	2.639071	1.730033	1973.781625	
2019-01-13 00:00	6.616166	5.797185	0.220216	8.277772	0.980361	5.560761	4.402705	0.220216	260.322232	0.000000	0.000000	0.000000	0.000000	0.000000	0.000000	0.000000	6.917912	4.431089	2.631915	3291.085390	
2019-01-14 00:00	0.109314	1.295192	0.217505	1.418784	0.980830	1.201976	4.042654	0.217505	260.479055	0.000000	0.000000	0.000000	0.000000	0.000000	0.000000	0.000000	4.490949	1.511117	-0.929342	372.369008	
2019-01-15 00:00	0.070482	0.576133	0.196114	0.710014	0.980495	0.303565	3.974645	0.196114	260.414349	0.000000	0.000000	0.000000	0.000000	0.000000	0.000000	0.000000	4.043905	2.067340	-0.046183	171.433718	
2019-01-16 00:00	0.046061	0.421010	0.175078	0.272691	0.980069	0.383732	3.683701	0.175078	260.335835	0.000000	0.000000	0.000000	0.000000	0.000000	0.000000	0.000000	4.089406	3.036273	1.181051	123.832030	
2019-01-17 00:00	0.370326	2.967845	0.248793	4.438899	0.981822	1.450171	4.074620	0.248793	260.796851	0.000000	0.000000	0.000000	0.000000	0.000000	0.000000	0.000000	5.198126	2.848582	-0.475969	885.031339	
2019-01-18 00:00	0.000000	0.000000	0.217077	0.025051	0.980664	0.000218	4.099453	0.217077	260.579992	0.000000	0.000000	0.000000	0.000000	0.000000	0.000000	0.000000	0.800732	-2.101870	-6.571820	0.000000	
2019-01-19 00:00	0.000000	0.000000	0.197207	0.002633	0.979606	0.000000	4.102086	0.197207	260.382785	0.000000	0.000000	0.000000	0.000000	0.000000	0.000000	0.000000	0.408452	-4.795160	-8.281171	0.000000	
2019-01-20 00:00	0.000000	0.000000	0.175248	0.000518	0.978666	0.000000	4.102604	0.175248	260.207537	0.000000	0.000000	0.000000	0.000000	0.000000	0.000000	0.000000	-1.722472	-5.863678	-9.683193	0.000000	
2019-01-21 00:00	0.000000	0.000000	0.186079	0.001618	0.977672	0.000000	4.104222	0.186078	260.021459	0.000000	0.000000	0.000000	0.000000	0.000000	0.000000	0.000000	-1.495269	-5.774789	-9.901592	0.000000	
2019-01-22 00:00	0.000000	0.000000	0.157588	0.000518	0.976835	0.000000	4.104740	0.157586	259.863873	0.000000	0.000000	0.000000	0.000000	0.000000	0.000000	0.000000	-3.066052	-7.141233	-10.689604	0.000000	
2019-01-23 00:00	0.000000	0.000000	0.129996	0.074589	0.976149	0.000000	4.179330	0.129993	259.733880	0.000000	0.000000	0.000000	0.000000	0.000000	0.000000	0.000000	-4.614387	-7.242976	-9.800234	0.000000	
2019-01-24 00:00	0.000000	0.000000	0.133776	0.541582	0.975438	0.000000	4.720911	0.133771	259.600109	0.000000	0.000000	0.000000	0.000000	0.000000	0.000000	0.000000	-4.062531	-5.817318	-8.061980	0.000000	
2019-01-25 00:00	0.000000	0.000000	0.148242	4.500859	0.974653	0.000000	9.221770	0.148234	259.451875	0.000000	0.000000	0.000000	0.000000	0.000000	0.000000	0.000000	-2.092179	-4.838908	-6.219905	0.000000	
2019-01-26 00:00	0.772802	3.589529	0.260327	5.080759	0.982979	5.793144	7.862992	0.260327	261.268756	0.000000	0.000000	0.000000	0.000000	0.000000	0.000000	0.000000	3.451965	1.125744	-2.209091	1156.561286	
2019-01-27 00:00	1.856257	3.617312	0.226489	4.171804	0.984573	2.674440	5.896149	0.226489	261.707343	0.000000	0.000000	0.000000	0.000000	0.000000	0.000000	0.000000	4.925496	3.170083	1.467110	1451.178206	
2019-01-28 00:00	0.121620	1.597512	0.190209	3.690373	0.984897	1.129234	7.553810	0.190209	261.830715	0.000000	0.000000	0.000000	0.000000	0.000000	0.000000	0.000000	2.364861	0.957974	-0.501509	455.784129	
2019-01-29 00:00	0.004515	0.055034	0.245627	0.355483	0.983847	0.113995	7.795299	0.245627	261.639534	0.000000	0.000000	0.000000	0.000000	0.000000	0.000000	0.000000	1.524634	-0.701885	-4.083456	15.787855	
2019-01-30 00:00	0.000001	0.000008	0.248839	0.130766	0.982515	0.001392	7.924673	0.248839	261.392079	0.000000	0.000000	0.000000	0.000000	0.000000	0.000000	0.000000	0.818589	-1.921278	-5.577338	0.002263	
2019-01-31 00:00	0.001488	0.017358	0.281784	0.234951	0.981400	0.093900	8.065724	0.281783	261.185349	0.000000	0.000000	0.000000	0.000000	0.000000	0.000000	0.000000	2.312246	-1.129710	-4.919537	4.996664	
2019-02-01 00:00	0.049374	0.601923	0.331164	2.588037	0.983774	1.504213	9.149548	0.331161	261.707104	0.000000	0.000000	0.000000	0.000000	0.000000	0.000000	0.000000	2.623495	-0.378953	-4.460053	172.674950	
2019-02-02 00:00	0.048287	0.604238	0.177726	0.615994	0.984565	0.941698	8.773523	0.177723	261.868874	0.000000	0.000000	0.000000	0.000000	0.000000	0.000000	0.000000	1.403312	0.429138	-0.401917	173.000548	
2019-02-03 00:00	0.001325	0.026253	0.196039	2.006033	0.983899	0.052629	10.723077	0.196039	261.701736	0.000000	0.000000	0.000000	0.000000	0.000000	0.000000	0.000000	0.729083	-0.417027	-1.632770	7.311575	
2019-02-04 00:00	0.015013	0.293583	0.339653	0.000795	0.982845	0.438551	10.285321	0.339653	261.492038	0.000000	0.000000	0.000000	0.000000	0.000000	0.000000	0.000000	2.742364	-0.870161	-4.427921	81.816338	
2019-02-05 00:00	0.011098	0.225472	0.283738	0.055834	0.981692	0.296716	10.042217	0.283738	261.270668	0.000000	0.000000	0.000000	0.000000	0.000000	0.000000	0.000000	1.686631	-0.565329	-3.025213	62.720581	
2019-02-06 00:00	0.025198	0.361484	0.370581	0.000000	0.980530	0.544656	9.497561	0.370581	261.058060	0.000000	0.000000	0.000000	0.000000	0.000000	0.000000	0.000000	3.793353	-0.469015	-3.830625	102.518959	
2019-02-07 00:00	0.007975	0.078233	0.320021	0.536261	0.979751	0.267739	9.756774	0.320019	260.928882	0.000000	0.000000	0.000000	0.000000	0.000000	0.000000	0.000000	2.385124	-0.555438	-3.184695	22.855852	
2019-02-08 00:00	0.694662	1.876264	0.369990	0.556625	0.982382	2.965597	6.846917	0.369984	261.454453	0.000000	0.000000	0.000000	0.000000	0.000000	0.000000	0.000000	5.888515	3.662686	1.292252	681.615861	
2019-02-09 00:00	0.942850	1.161134	0.426249	0.918729	0.982102	1.617883	5.258486	0.426235	261.431394	0.000000	0.000000	0.000000	0.000000	0.000000	0.000000	0.000000	7.967245	5.421984	2.990304	557.818010	
2019-02-10 00:00	6.277224	5.025362	0.456675	11.612424	0.986905	1.245970	4.040705	0.456675	262.502338	0.000000	0.000000	0.000000	0.000000	0.000000	0.000000	0.000000	8.060455	5.409251	2.542262	2996.594100	
2019-02-11 00:00	0.078338	0.837872	0.336089	1.338831	0.986897	0.262788	4.121254	0.336089	262.508321	0.000000	0.000000	0.000000	0.000000	0.000000	0.000000	0.000000	4.439503	2.391150	0.603644	242.909778	
2019-02-12 00:00	0.023364	0.338051	0.306382	0.710971	0.986600	0.195318	4.216606	0.306381	262.456145	0.000000	0.000000	0.000000	0.000000	0.000000	0.000000	0.000000	3.598747	1.815296	0.313305	95.819902	
2019-02-13 00:00	0.024544	0.160623	0.453564	0.003854	0.984464	0.247884	3.968722	0.453563	262.069153	0.000000	0.000000	0.000000	0.000000	0.000000	0.000000	0.000000	6.239646	2.994076	0.010015	49.092353	
2019-02-14 00:00	0.558114	0.352174	0.640886	0.000734	0.981267	0.955372	3.013511	0.640883	261.473925	0.000000	0.000000	0.000000	0.000000	0.000000	0.000000	0.000000	10.405022	2.864350	-1.590509	241.339903	
2019-02-15 00:00	0.967333	0.283440	0.790823	0.000734	0.977256	1.288039	1.725472	0.790795	260.721129	0.000000	0.000000	0.000000	0.000000	0.000000	0.000000	0.000000	13.564204	4.313004	-1.766563	331.610922	
2019-02-16 00:00	0.606703	0.193861	0.850565	0.000000	0.972899	0.825887	0.899585	0.850478	259.895974	0.000000	0.000000	0.000000	0.000000	0.000000	0.000000	0.000000	14.821185	6.043411	0.014747	212.249170	
2019-02-17 00:00	0.341241	0.111476	0.861108	0.000000	0.968454	0.468449	0.431136	0.860996	259.050711	0.000000	0.000000	0.000000	0.000000	0.000000	0.000000	0.000000	14.452110	5.721717	-0.546277	120.026475	
2019-02-18 00:00	0.174204	0.059335	0.866920	0.000000	0.963958	0.242000	0.189136	0.866784	258.192387	0.000000	0.000000	0.000000	0.000000	0.000000	0.000000	0.000000	14.261851	5.895705	-0.276601	61.917006	
2019-02-19 00:00	0.013488	0.034629	0.597508	0.202649	0.961931	0.101692	0.139966	0.597361	257.798727	0.000000	0.000000	0.000000	0.000000	0.000000	0.000000	0.000000	8.225633	3.985609	0.239314	12.756998	
2019-02-20 00:00	0.002174	0.015444	0.604634	0.000000	0.958774	0.019741	0.120226	0.604402	257.196448	0.000000	0.000000	0.000000	0.000000	0.000000	0.000000	0.000000	8.113628	4.093309	0.313670	4.670987	
2019-02-21 00:00	0.013520	0.025902	0.662696	0.660134	0.958898	0.039946	0.083349	0.662607	257.191428	0.000000	0.000000	0.000000	0.000000	0.000000	0.000000	0.000000	9.197300	5.631298	1.302086	10.451879	
2019-02-22 00:00	0.013956	0.028176	0.717823	0.622893	0.958222	0.299350	0.059136	0.717736	257.078668	0.000000	0.000000	0.000000	0.000000	0.000000	0.000000	0.000000	7.805960	4.629757	-1.928203	11.170179	
2019-02-23 00:00	0.000891	0.007163	0.591961	0.000000	0.955111	0.009385	0.049751	0.591830	256.488169	0.000000	0.000000	0.000000	0.000000	0.000000	0.000000	0.000000	5.972472	0.172243	-4.083986	2.135258	
2019-02-24 00:00	0.020364	0.008246	0.852745	0.000000	0.950667	0.030080	0.019671	0.852464	255.637175	0.000000	0.000000	0.000000	0.000000	0.000000	0.000000	0.000000	11.812203	2.782145	-3.513037	7.585076	
2019-02-25 00:00	0.012096	0.003399	1.022350	0.000000	0.945359	0.016085	0.003587	1.021816	254.615949	0.000000	0.000000	0.000000	0.000000	0.000000	0.000000	0.000000	15.218580	5.504031	-1.333799	4.108100	
2019-02-26 00:00	0.002425	0.000879	1.046971	0.000000	0.939941	0.003506	0.000081	1.046117	253.570034	0.000000	0.000000	0.000000	0.000000	0.000000	0.000000	0.000000	15.502646	6.618218	0.205750	0.875863	
2019-02-27 00:00	0.000035	0.000033	1.173255	0.003665	0.933930	0.000081	0.000000	1.171859	252.401854	0.000000	0.000000	0.000000	0.000000	0.000000	0.000000	0.000000	17.102715	7.117440	-0.740978	0.018006	
2019-02-28 00:00	0.000290	0.001760	1.011499	1.297889	0.935484	0.000539	0.000000	1.010138	252.687555	0.000000	0.000000	0.000000	0.000000	0.000000	0.000000	0.000000	13.796224	8.264375	2.059774	0.543412	
2019-03-01 00:00	0.001904	0.010087	0.800876	2.273219	0.943716	0.000000	0.000000	0.800645	254.148139	0.000000	0.000000	0.000000	0.000000	0.000000	0.000000	0.000000	9.535999	6.591232	2.625386	3.178964	
2019-03-02 00:00	0.002559	0.016059	0.614202	0.499438	0.943058	0.016092	0.000000	0.613930	254.015029	0.000000	0.000000	0.000000	0.000000	0.000000	0.000000	0.000000	6.867046	3.995621	1.919957	4.936099	
2019-03-03 00:00	0.001420	0.008832	0.580348	0.311625	0.941472	0.000000	0.000000	0.579969	253.736433	0.000000	0.000000	0.000000	0.000000	0.000000	0.000000	0.000000	9.595784	8.297568	6.623853	2.717973	
2019-03-04 00:00	0.049454	0.267658	1.031964	3.926401	0.954214	0.000000	0.000000	1.031682	256.314041	0.000000	0.000000	0.000000	0.000000	0.000000	0.000000	0.000000	12.358938	7.868684	2.988286	84.074142	
2019-03-05 00:00	0.067971	0.478933	0.654828	2.302984	0.959569	0.083836	0.070998	0.654616	257.344507	0.000000	0.000000	0.000000	0.000000	0.000000	0.000000	0.000000	6.447566	3.911396	1.187246	144.997813	
2019-03-06 00:00	0.006918	0.049456	1.071607	0.070597	0.954442	0.071047	0.000000	1.071052	256.358676	0.000000	0.000000	0.000000	0.000000	0.000000	0.000000	0.000000	11.393338	6.429178	0.638391	14.946194	
2019-03-07 00:00	0.008760	0.064537	0.966999	0.787213	0.953268	0.000000	0.000000	0.966205	256.106388	0.000000	0.000000	0.000000	0.000000	0.000000	0.000000	0.000000	12.331411	8.952095	5.402700	19.432746	
2019-03-08 00:00	0.093986	0.715299	0.688561	2.579714	0.958753	0.000470	0.000696	0.688091	257.188030	0.000000	0.000000	0.000000	0.000000	0.000000	0.000000	0.000000	8.015167	5.825553	3.582806	214.561270	
2019-03-09 00:00	0.627312	2.153943	0.891447	6.084924	0.970676	0.001178	0.000343	0.891375	259.600677	0.000000	0.000000	0.000000	0.000000	0.000000	0.000000	0.000000	10.237785	6.410724	3.356766	737.379159	
2019-03-10 00:00	2.097052	4.441327	1.045535	10.067957	0.983254	0.067906	0.010460	1.045535	262.074604	0.000000	0.000000	0.000000	0.000000	0.000000	0.000000	0.000000	10.693138	5.773686	1.121831	1733.485343	
2019-03-11 00:00	0.179973	2.251506	0.519079	4.064640	0.985594	0.745125	0.665254	0.519079	262.533891	0.000000	0.000000	0.000000	0.000000	0.000000	0.000000	0.000000	3.568594	1.797090	0.201831	644.645094	
2019-03-12 00:00	0.109661	0.537654	0.835126	0.572843	0.983811	0.657161	0.114814	0.835126	262.174732	0.000000	0.000000	0.000000	0.000000	0.000000	0.000000	0.000000	7.361535	4.119655	0.619068	171.619246	
2019-03-13 00:00	0.189587	1.389327	0.739336	2.303118	0.983458	0.115540	0.146576	0.739336	262.127838	0.000000	0.000000	0.000000	0.000000	0.000000	0.000000	0.000000	7.209669	4.508605	2.238679	418.609137	
2019-03-14 00:00	1.311624	3.808073	0.578379	6.586738	0.986390	0.075891	0.380827	0.578379	262.782249	0.000000	0.000000	0.000000	0.000000	0.000000	0.000000	0.000000	5.857175	4.116533	2.793242	1357.357940	
2019-03-15 00:00	4.081809	5.836042	0.928716	11.310529	0.989757	0.294764	0.086484	0.928716	263.540553	0.000000	0.000000	0.000000	0.000000	0.000000	0.000000	0.000000	10.301014	6.405590	4.056557	2629.466597	
2019-03-16 00:00	0.143138	1.095279	0.898608	2.103063	0.989900	0.072864	0.013620	0.898608	263.579455	0.000000	0.000000	0.000000	0.000000	0.000000	0.000000	0.000000	9.804250	6.837636	4.274175	328.334862	
2019-03-17 00:00	0.131340	1.318611	1.145687	2.708291	0.990296	0.022391	0.009057	1.145687	263.696671	0.000000	0.000000	0.000000	0.000000	0.000000	0.000000	0.000000	11.094426	6.405995	2.099551	384.417675	
2019-03-18 00:00	0.021200	0.224998	0.847452	0.870375	0.989066	0.210905	0.017787	0.847452	263.464666	0.000000	0.000000	0.000000	0.000000	0.000000	0.000000	0.000000	6.823019	3.031830	0.254885	65.273230	
2019-03-19 00:00	0.000116	0.001073	0.967655	0.011744	0.984079	0.008336	0.011534	0.967655	262.513820	0.000000	0.000000	0.000000	0.000000	0.000000	0.000000	0.000000	6.940622	2.410065	-1.934995	0.315187	
2019-03-20 00:00	0.002663	0.003491	1.358878	0.000000	0.976973	0.009723	0.001811	1.358850	261.158540	0.000000	0.000000	0.000000	0.000000	0.000000	0.000000	0.000000	11.402455	4.310077	-2.787421	1.631415	
2019-03-21 00:00	0.000753	0.000673	1.662903	0.001035	0.968316	0.001699	0.000112	1.662717	259.497131	0.000000	0.000000	0.000000	0.000000	0.000000	0.000000	0.000000	15.541448	7.537220	-0.104067	0.378091	
2019-03-22 00:00	0.000015	0.000076	1.852093	0.000000	0.958673	0.000112	0.000000	1.851813	257.645339	0.000000	0.000000	0.000000	0.000000	0.000000	0.000000	0.000000	18.045884	9.753603	2.151389	0.024160	
2019-03-23 00:00	0.000000	0.000000	1.742442	0.002096	0.949668	0.000000	0.000000	1.741514	255.905921	0.000000	0.000000	0.000000	0.000000	0.000000	0.000000	0.000000	17.204898	9.329085	3.123823	0.000000	
2019-03-24 00:00	0.000000	0.000000	1.093541	0.150307	0.944778	0.000019	0.000000	1.092538	254.963690	0.000000	0.000000	0.000000	0.000000	0.000000	0.000000	0.000000	8.934246	5.993245	1.650555	0.000000	
2019-03-25 00:00	0.000005	0.000136	0.932150	3.240746	0.956605	0.522499	0.037851	0.932030	257.234415	0.000000	0.000000	0.000000	0.000000	0.000000	0.000000	0.000000	6.856992	2.876509	0.072556	0.037186	
2019-03-26 00:00	0.003450	0.077031	0.896684	1.642412	0.960658	0.089340	0.022913	0.896636	257.914647	0.000000	0.000000	0.000000	0.000000	0.000000	0.000000	0.000000	6.828440	3.871473	1.230702	21.337693	
2019-03-27 00:00	0.001831	0.047570	1.116903	1.045276	0.959645	0.023700	0.000195	1.116850	257.816391	0.000000	0.000000	0.000000	0.000000	0.000000	0.000000	0.000000	9.227401	5.718708	2.032774	13.097382	
2019-03-28 00:00	0.009462	0.212449	1.108129	1.081627	0.958110	0.000195	0.000000	1.108086	257.568215	0.000000	0.000000	0.000000	0.000000	0.000000	0.000000	0.000000	10.528577	7.449316	4.563035	58.834151	
2019-03-29 00:00	0.000000	0.000000	1.628882	0.000417	0.949568	0.000000	0.000000	1.628647	255.939986	0.000000	0.000000	0.000000	0.000000	0.000000	0.000000	0.000000	14.315352	8.852947	3.109703	0.000000	
2019-03-30 00:00	0.000000	0.000000	2.030169	0.000000	0.939039	0.000000	0.000000	2.029261	253.910725	0.000000	0.000000	0.000000	0.000000	0.000000	0.000000	0.000000	17.613984	9.374268	1.200749	0.000000	
2019-03-31 00:00	0.000000	0.000000	1.502937	0.008913	0.931313	0.000000	0.000000	1.501759	252.417878	0.000000	0.000000	0.000000	0.000000	0.000000	0.000000	0.000000	12.083352	6.964269	1.571394	0.000000	
2019-04-01 00:00	0.000000	0.000000	1.738654	0.000000	0.922394	0.000000	0.000000	1.736829	250.681049	0.000000	0.000000	0.000000	0.000000	0.000000	0.000000	0.000000	11.983512	5.779560	-0.289966	0.000000	
2019-04-02 00:00	0.000459	0.004127	2.328830	0.967366	0.916161	0.000000	0.000000	2.326605	249.317224	0.000000	0.000000	0.000000	0.000000	0.000000	0.000000	0.000000	16.716690	9.218230	0.361119	1.215764	
2019-04-03 00:00	0.000036	0.000492	1.987176	2.989567	0.921017	0.000000	0.000000	1.984257	250.322006	0.000000	0.000000	0.000000	0.000000	0.000000	0.000000	0.000000	15.440763	10.336730	4.718667	0.139887	
2019-04-04 00:00	0.000008	0.000074	1.690477	0.140038	0.913259	0.000000	0.000000	1.686014	248.775948	0.000000	0.000000	0.000000	0.000000	0.000000	0.000000	0.000000	12.799848	7.478870	3.246444	0.021817	
2019-04-05 00:00	0.000000	0.000000	1.332355	0.060290	0.906889	0.000000	0.000000	1.327968	247.508270	0.000000	0.000000	0.000000	0.000000	0.000000	0.000000	0.000000	10.333227	7.019437	4.330659	0.000000	
2019-04-06 00:00	0.000000	0.000000	2.382931	0.005537	0.895108	0.000000	0.000000	2.374215	245.139592	0.000000	0.000000	0.000000	0.000000	0.000000	0.000000	0.000000	17.910070	10.626406	3.680138	0.000000	
2019-04-07 00:00	0.000000	0.000000	2.354183	0.000689	0.883578	0.000000	0.000000	2.343259	242.797022	0.000000	0.000000	0.000000	0.000000	0.000000	0.000000	0.000000	17.071378	10.791985	3.593807	0.000000	
2019-04-08 00:00	0.000000	0.000000	2.276625	0.100522	0.873238	0.000000	0.000000	2.264422	240.633123	0.000000	0.000000	0.000000	0.000000	0.000000	0.000000	0.000000	17.148100	11.477447	5.330017	0.000000	
2019-04-09 00:00	0.000000	0.000000	1.591694	0.000719	0.865500	0.000000	0.000000	1.581593	239.052248	0.000000	0.000000	0.000000	0.000000	0.000000	0.000000	0.000000	11.165038	7.061719	3.281713	0.000000	
2019-04-10 00:00	0.000000	0.000000	1.652397	0.000719	0.857535	0.000000	0.000000	1.639520	237.413447	0.000000	0.000000	0.000000	0.000000	0.000000	0.000000	0.000000	9.888195	4.776264	-0.305656	0.000000	
2019-04-11 00:00	0.000000	0.000000	1.401249	0.000018	0.850816	0.000002	0.000000	1.388612	236.024853	0.000000	0.000000	0.000000	0.000000	0.000000	0.000000	0.000000	6.903244	2.356968	-2.152880	0.000000	
2019-04-12 00:00	0.000000	0.000000	0.901808	0.392079	0.848042	0.140866	0.090656	0.892472	235.433803	0.000000	0.000000	0.000000	0.000000	0.000000	0.000000	0.000000	2.995794	0.842752	-1.452091	0.000000	
2019-04-13 00:00	0.000000	0.000000	1.156903	0.539971	0.845070	0.412700	0.042444	1.144321	234.877666	0.000000	0.000000	0.000000	0.000000	0.000000	0.000000	0.000000	4.998527	1.114615	-1.828496	0.000000	
2019-04-14 00:00	0.000001	0.000058	1.153038	1.844016	0.848367	1.712835	0.144355	1.143310	235.476402	0.000000	0.000000	0.000000	0.000000	0.000000	0.000000	0.000000	3.976350	1.107870	-2.639195	0.015887	
2019-04-15 00:00	0.000000	0.000000	2.040345	0.002623	0.838903	0.144355	0.000000	2.019647	233.603732	0.000000	0.000000	0.000000	0.000000	0.000000	0.000000	0.000000	13.035500	6.670383	0.984779	0.000000	
2019-04-16 00:00	0.000000	0.000000	2.564226	0.000000	0.826579	0.000000	0.000000	2.530929	231.072803	0.000000	0.000000	0.000000	0.000000	0.000000	0.000000	0.000000	15.998003	8.526757	-0.114468	0.000000	
2019-04-17 00:00	0.000000	0.000000	2.712758	0.000000	0.813820	0.000000	0.000000	2.666680	228.406123	0.000000	0.000000	0.000000	0.000000	0.000000	0.000000	0.000000	17.625179	10.463973	2.229655	0.000000	
2019-04-18 00:00	0.000000	0.000000	2.902981	0.000000	0.800440	0.000000	0.000000	2.841359	225.564765	0.000000	0.000000	0.000000	0.000000	0.000000	0.000000	0.000000	19.097203	12.190243	3.761864	0.000000	
2019-04-19 00:00	0.000000	0.000000	3.176375	0.000000	0.786082	0.000000	0.000000	3.092606	222.472159	0.000000	0.000000	0.000000	0.000000	0.000000	0.000000	0.000000	21.273746	13.639882	4.878831	0.000000	
2019-04-20 00:00	0.000000	0.000000	3.209760	0.000000	0.771877	0.000000	0.000000	3.104570	219.367589	0.000000	0.000000	0.000000	0.000000	0.000000	0.000000	0.000000	21.274200	13.274681	4.387279	0.000000	
2019-04-21 00:00	0.000000	0.000000	3.238446	0.000000	0.757852	0.000000	0.000000	3.111457	216.256132	0.000000	0.000000	0.000000	0.000000	0.000000	0.000000	0.000000	21.073487	13.112899	3.967097	0.000000	
2019-04-22 00:00	0.000000	0.000000	3.014673	0.000000	0.745064	0.000000	0.000000	2.875553	213.380579	0.000000	0.000000	0.000000	0.000000	0.000000	0.000000	0.000000	19.719590	12.552563	4.566501	0.000000	
2019-04-23 00:00	0.000000	0.000000	2.793297	0.029377	0.733581	0.000000	0.000000	2.648834	210.761123	0.000000	0.000000	0.000000	0.000000	0.000000	0.000000	0.000000	19.143026	13.077020	6.734747	0.000000	
2019-04-24 00:00	0.000000	0.000000	3.536505	0.497854	0.721604	0.000000	0.000000	3.339673	207.919304	0.000000	0.000000	0.000000	0.000000	0.000000	0.000000	0.000000	24.264584	16.208272	8.228944	0.000000	
2019-04-25 00:00	0.000000	0.000000	3.754228	0.000000	0.706481	0.000000	0.000000	3.519740	204.399563	0.000000	0.000000	0.000000	0.000000	0.000000	0.000000	0.000000	23.898250	15.675466	5.463406	0.000000	
2019-04-26 00:00	0.000012	0.000166	2.238881	8.394918	0.739346	0.000000	0.000000	2.156585	210.637719	0.000000	0.000000	0.000000	0.000000	0.000000	0.000000	0.000000	15.838849	10.664736	6.774420	0.047064	
2019-04-27 00:00	0.000467	0.003440	2.231896	7.081859	0.765129	0.000000	0.000000	2.187479	215.528192	0.000000	0.000000	0.000000	0.000000	0.000000	0.000000	0.000000	15.122712	8.832732	4.960263	1.035875	
2019-04-28 00:00	0.000042	0.000371	1.863434	1.515521	0.763913	0.000000	0.000000	1.822926	215.220375	0.000000	0.000000	0.000000	0.000000	0.000000	0.000000	0.000000	11.560128	6.980978	3.435522	0.109423	
2019-04-29 00:00	0.001186	0.012207	1.666670	7.999630	0.796286	0.000000	0.000000	1.651936	221.554677	0.000000	0.000000	0.000000	0.000000	0.000000	0.000000	0.000000	9.257772	6.557135	2.563961	3.550598	
2019-04-30 00:00	0.000000	0.000000	2.554500	0.057491	0.783635	0.000000	0.000000	2.525123	219.087045	0.000000	0.000000	0.000000	0.000000	0.000000	0.000000	0.000000	15.294053	9.284933	2.910525	0.000000	
2019-05-01 00:00	0.000000	0.000000	3.306656	0.043816	0.767755	0.000000	0.000000	3.257222	215.873640	0.000000	0.000000	0.000000	0.000000	0.000000	0.000000	0.000000	18.053342	11.363385	4.801036	0.000000	
2019-05-02 00:00	0.000000	0.000000	3.036341	0.545260	0.756135	0.000000	0.000000	2.974052	213.444848	0.000000	0.000000	0.000000	0.000000	0.000000	0.000000	0.000000	16.469883	10.854415	5.019818	0.000000	
2019-05-03 00:00	0.000018	0.000193	1.974520	4.634944	0.769933	0.000000	0.000000	1.945179	216.134402	0.000000	0.000000	0.000000	0.000000	0.000000	0.000000	0.000000	10.049299	7.060041	3.643685	0.055917	
2019-05-04 00:00	0.000766	0.010217	1.681273	6.738945	0.796279	1.270121	0.141068	1.670633	221.050664	0.000000	0.000000	0.000000	0.000000	0.000000	0.000000	0.000000	6.647525	3.037784	0.115050	2.911895	
2019-05-05 00:00	0.000009	0.000122	2.146823	0.136597	0.786844	0.147450	0.000569	2.128582	219.199046	0.000000	0.000000	0.000000	0.000000	0.000000	0.000000	0.000000	8.966448	4.177249	-0.490137	0.034755	
2019-05-06 00:00	0.000000	0.000000	2.163167	0.104746	0.776758	0.000693	0.000000	2.137617	217.166743	0.000000	0.000000	0.000000	0.000000	0.000000	0.000000	0.000000	9.209396	5.112053	0.453289	0.000000	
2019-05-07 00:00	0.000000	0.000000	2.281293	0.121909	0.766342	0.000032	0.000000	2.245557	215.043096	0.000000	0.000000	0.000000	0.000000	0.000000	0.000000	0.000000	10.643182	6.414289	1.996145	0.000000	
2019-05-08 00:00	0.000209	0.001061	2.875727	3.806396	0.771635	0.000000	0.000000	2.842715	216.005506	0.000000	0.000000	0.000000	0.000000	0.000000	0.000000	0.000000	13.507666	8.719059	2.231150	0.336733	
2019-05-09 00:00	0.000157	0.001437	2.476884	1.587658	0.768733	0.000000	0.000000	2.438995	215.152575	0.000000	0.000000	0.000000	0.000000	0.000000	0.000000	0.000000	14.827788	10.486344	7.601392	0.422482	
2019-05-10 00:00	0.000520	0.004996	2.712074	2.907008	0.771396	0.000000	0.000000	2.674438	215.379630	0.000000	0.000000	0.000000	0.000000	0.000000	0.000000	0.000000	14.907029	10.302054	6.185066	1.462445	
2019-05-11 00:00	0.062601	0.166831	1.840910	17.934894	0.850223	0.000000	0.000000	1.840077	231.245015	0.000000	0.000000	0.000000	0.000000	0.000000	0.000000	0.000000	10.174973	7.820224	5.259913	60.827985	
2019-05-12 00:00	0.000000	0.000000	2.575579	0.003880	0.837124	0.000000	0.000000	2.573437	228.675458	0.000000	0.000000	0.000000	0.000000	0.000000	0.000000	0.000000	12.862705	7.706500	3.466793	0.000000	
2019-05-13 00:00	0.000000	0.000000	2.936276	0.008856	0.822356	0.000000	0.000000	2.931762	225.752552	0.000000	0.000000	0.000000	0.000000	0.000000	0.000000	0.000000	13.287901	7.596518	1.076830	0.000000	
2019-05-14 00:00	0.000000	0.000000	2.634765	0.224121	0.810347	0.000000	0.000000	2.626252	223.350421	0.000000	0.000000	0.000000	0.000000	0.000000	0.000000	0.000000	11.788224	6.733429	1.337164	0.000000	
2019-05-15 00:00	0.000000	0.000017	2.487401	0.677987	0.801849	0.006889	0.000000	2.475016	221.553375	0.000000	0.000000	0.000000	0.000000	0.000000	0.000000	0.000000	9.598054	5.679912	-0.474110	0.004540	
2019-05-16 00:00	0.000009	0.000118	1.293175	2.325533	0.807181	0.000000	0.000000	1.287231	222.591550	0.000000	0.000000	0.000000	0.000000	0.000000	0.000000	0.000000	7.494089	6.207336	4.881551	0.033695	
2019-05-17 00:00	0.000000	0.000000	3.109938	0.004699	0.791783	0.000000	0.000000	3.090668	219.505581	0.000000	0.000000	0.000000	0.000000	0.000000	0.000000	0.000000	16.225936	10.350441	5.454225	0.000000	
2019-05-18 00:00	0.000195	0.001801	4.315023	0.815681	0.775527	0.000000	0.000000	4.269522	216.049745	0.000000	0.000000	0.000000	0.000000	0.000000	0.000000	0.000000	20.933852	13.383422	4.277655	0.529172	
2019-05-19 00:00	0.178953	0.190550	4.278959	3.794192	0.774491	0.000000	0.000000	4.215320	215.259114	0.000000	0.000000	0.000000	0.000000	0.000000	0.000000	0.000000	22.296240	15.310307	7.920133	97.964259	
2019-05-20 00:00	2.456373	1.501821	3.500389	29.430649	0.881893	0.000000	0.000000	3.495159	237.236411	0.000000	0.000000	0.000000	0.000000	0.000000	0.000000	0.000000	20.118246	14.264374	9.892846	1049.414783	
2019-05-21 00:00	0.039571	0.311156	2.701639	2.348357	0.878569	0.000000	0.000000	2.695152	236.538889	0.000000	0.000000	0.000000	0.000000	0.000000	0.000000	0.000000	18.106676	14.051688	11.904851	92.986302	
2019-05-22 00:00	0.000000	0.000000	2.821599	0.045032	0.864859	0.000000	0.000000	2.812136	233.771785	0.000000	0.000000	0.000000	0.000000	0.000000	0.000000	0.000000	14.067084	11.397953	6.106539	0.000000	
2019-05-23 00:00	0.000000	0.000000	3.951523	0.000000	0.845518	0.000000	0.000000	3.932741	229.839044	0.000000	0.000000	0.000000	0.000000	0.000000	0.000000	0.000000	19.192295	12.497658	4.849111	0.000000	
2019-05-24 00:00	0.000000	0.000000	4.210121	0.038720	0.825491	0.000000	0.000000	4.177066	225.700698	0.000000	0.000000	0.000000	0.000000	0.000000	0.000000	0.000000	21.160325	15.017144	7.426524	0.000000	
2019-05-25 00:00	0.019214	0.049246	3.472913	1.396369	0.815948	0.000000	0.000000	3.436477	223.592130	0.000000	0.000000	0.000000	0.000000	0.000000	0.000000	0.000000	18.057563	13.101346	7.529353	18.150378	
2019-05-26 00:00	0.000000	0.000000	4.286919	0.000000	0.795870	0.000000	0.000000	4.226878	219.365251	0.000000	0.000000	0.000000	0.000000	0.000000	0.000000	0.000000	20.851163	14.543794	6.343934	0.000000	
2019-05-27 00:00	0.000057	0.000481	3.166294	3.305391	0.798080	0.000000	0.000000	3.125085	219.545020	0.000000	0.000000	0.000000	0.000000	0.000000	0.000000	0.000000	18.534822	14.696346	10.620863	0.142547	
2019-05-28 00:00	0.007813	0.050945	2.745984	6.204535	0.815502	0.000000	0.000000	2.724915	222.965881	0.000000	0.000000	0.000000	0.000000	0.000000	0.000000	0.000000	15.933498	11.804286	8.856996	15.578289	
2019-05-29 00:00	0.000000	0.000000	3.162719	0.053629	0.800436	0.000000	0.000000	3.129186	219.890324	0.000000	0.000000	0.000000	0.000000	0.000000	0.000000	0.000000	15.373814	10.273252	4.958317	0.000000	
2019-05-30 00:00	0.000000	0.000000	4.360164	0.006689	0.779911	0.000000	0.000000	4.296166	215.600848	0.000000	0.000000	0.000000	0.000000	0.000000	0.000000	0.000000	19.667099	13.261495	3.608000	0.000000	
2019-05-31 00:00	0.000000	0.000000	3.897323	0.000000	0.761964	0.000000	0.000000	3.820899	211.779948	0.000000	0.000000	0.000000	0.000000	0.000000	0.000000	0.000000	22.087233	17.046466	12.034193	0.000000	
2019-06-01 00:00	0.000000	0.000000	5.296722	0.000000	0.738231	0.000000	0.000000	5.168835	206.611113	0.000000	0.000000	0.000000	0.000000	0.000000	0.000000	0.000000	25.657753	18.745600	10.581368	0.000000	
2019-06-02 00:00	0.000000	0.000000	5.926478	0.000000	0.712494	0.000000	0.000000	5.728954	200.882159	0.000000	0.000000	0.000000	0.000000	0.000000	0.000000	0.000000	28.654068	21.296629	12.300480	0.000000	
2019-06-03 00:00	0.000736	0.001245	5.873282	4.398248	0.709468	0.000000	0.000000	5.659827	199.618598	0.000000	0.000000	0.000000	0.000000	0.000000	0.000000	0.000000	29.898617	21.126384	13.738291	0.525171	
2019-06-04 00:00	0.000000	0.000000	5.712688	0.002698	0.685493	0.000000	0.000000	5.445614	194.175683	0.000000	0.000000	0.000000	0.000000	0.000000	0.000000	0.000000	28.123208	21.018654	12.790177	0.000000	
2019-06-05 00:00	0.000000	0.000000	6.023417	0.263455	0.662403	0.000000	0.000000	5.680428	188.758710	0.000000	0.000000	0.000000	0.000000	0.000000	0.000000	0.000000	30.649839	23.476815	15.691757	0.000000	
2019-06-06 00:00	0.000006	0.000257	4.398958	3.358408	0.661538	0.000000	0.000000	4.160614	187.956241	0.000000	0.000000	0.000000	0.000000	0.000000	0.000000	0.000000	21.697554	16.069746	9.685449	0.069653	
2019-06-07 00:00	0.000046	0.000365	5.000590	4.780104	0.663325	0.000000	0.000000	4.741981	187.993953	0.000000	0.000000	0.000000	0.000000	0.000000	0.000000	0.000000	23.808519	15.894052	8.150922	0.108913	
2019-06-08 00:00	0.000000	0.000000	3.902463	0.006513	0.647563	0.000000	0.000000	3.647616	184.352850	0.000000	0.000000	0.000000	0.000000	0.000000	0.000000	0.000000	19.081679	14.225926	8.538000	0.000000	
2019-06-09 00:00	0.000000	0.000000	5.248594	0.515717	0.629261	0.000000	0.000000	4.879588	179.988978	0.000000	0.000000	0.000000	0.000000	0.000000	0.000000	0.000000	23.552940	16.488751	7.006579	0.000000	
2019-06-10 00:00	0.000169	0.004004	4.581516	4.829297	0.636446	0.000000	0.000000	4.285867	180.528235	0.000000	0.000000	0.000000	0.000000	0.000000	0.000000	0.000000	24.848924	18.355989	13.599642	1.106463	
2019-06-11 00:00	0.002580	0.006602	4.087614	8.702956	0.660941	0.000000	0.000000	3.856345	185.365664	0.000000	0.000000	0.000000	0.000000	0.000000	0.000000	0.000000	22.697768	17.865013	13.454395	2.434314	
2019-06-12 00:00	0.002652	0.010097	4.205646	5.080347	0.667727	0.000000	0.000000	4.000563	186.432698	0.000000	0.000000	0.000000	0.000000	0.000000	0.000000	0.000000	22.695333	16.180157	11.877155	3.380144	
2019-06-13 00:00	0.000035	0.000365	4.551743	1.054165	0.652776	0.000000	0.000000	4.294491	183.191972	0.000000	0.000000	0.000000	0.000000	0.000000	0.000000	0.000000	23.200848	16.985234	11.198116	0.106121	
2019-06-14 00:00	0.000000	0.000000	5.982302	0.022265	0.627880	0.000000	0.000000	5.579477	177.634760	0.000000	0.000000	0.000000	0.000000	0.000000	0.000000	0.000000	27.606525	20.119684	10.268609	0.000000	
2019-06-15 00:00	0.000000	0.000000	4.949890	0.120744	0.608921	0.000000	0.000000	4.552328	173.203175	0.000000	0.000000	0.000000	0.000000	0.000000	0.000000	0.000000	25.355145	20.674103	13.849128	0.000000	
2019-06-16 00:00	0.000000	0.000000	3.553170	2.468121	0.607178	0.000000	0.000000	3.258111	172.413186	0.000000	0.000000	0.000000	0.000000	0.000000	0.000000	0.000000	19.775358	15.858786	11.935933	0.000126	
2019-06-17 00:00	0.000000	0.000000	5.164364	0.000809	0.587125	0.000000	0.000000	4.688596	167.725399	0.000000	0.000000	0.000000	0.000000	0.000000	0.000000	0.000000	25.070296	18.584071	11.002255	0.000000	
2019-06-18 00:00	0.000000	0.000000	5.723619	0.000000	0.565791	0.000000	0.000000	5.115493	162.609906	0.000000	0.000000	0.000000	0.000000	0.000000	0.000000	0.000000	27.905756	21.141408	12.905156	0.000000	
2019-06-19 00:00	0.000000	0.000000	5.895772	5.070305	0.568216	0.000000	0.000000	5.347900	162.332311	0.000000	0.000000	0.000000	0.000000	0.000000	0.000000	0.000000	30.015326	22.884770	15.459152	0.000000	
2019-06-20 00:00	0.000022	0.000144	4.610484	2.989096	0.565668	0.000000	0.000000	4.163850	161.157392	0.000000	0.000000	0.000000	0.000000	0.000000	0.000000	0.000000	24.801688	18.959680	13.819741	0.044003	
2019-06-21 00:00	0.000000	0.000000	4.286136	0.380004	0.551121	0.000000	0.000000	3.819158	157.718238	0.000000	0.000000	0.000000	0.000000	0.000000	0.000000	0.000000	22.767867	17.592633	12.480888	0.000000	
2019-06-22 00:00	0.000000	0.000000	4.793327	1.001192	0.538262	0.000000	0.000000	4.222201	154.497229	0.000000	0.000000	0.000000	0.000000	0.000000	0.000000	0.000000	24.368618	18.268927	11.999617	0.000000	
2019-06-23 00:00	0.000000	0.000000	5.131937	0.000189	0.519915	0.000000	0.000000	4.434268	150.063150	0.000000	0.000000	0.000000	0.000000	0.000000	0.000000	0.000000	26.450560	20.476776	13.890553	0.000000	
2019-06-24 00:00	0.000000	0.000000	5.731489	0.000000	0.500191	0.000000	0.000000	4.854016	145.209133	0.000000	0.000000	0.000000	0.000000	0.000000	0.000000	0.000000	28.408109	21.984483	13.908183	0.000000	
2019-06-25 00:00	0.000000	0.000000	6.628975	0.000000	0.478400	0.000000	0.000000	5.475105	139.734028	0.000000	0.000000	0.000000	0.000000	0.000000	0.000000	0.000000	32.496167	24.659576	15.526599	0.000000	
2019-06-26 00:00	0.000000	0.000000	6.850736	0.000000	0.456896	0.000000	0.000000	5.497523	134.236505	0.000000	0.000000	0.000000	0.000000	0.000000	0.000000	0.000000	34.140361	26.814049	17.746058	0.000000	
2019-06-27 00:00	0.000000	0.000000	5.152719	0.000000	0.441470	0.000000	0.000000	4.004748	130.231756	0.000000	0.000000	0.000000	0.000000	0.000000	0.000000	0.000000	26.103427	20.223076	13.137940	0.000000	
2019-06-28 00:00	0.000000	0.000000	4.826438	0.000000	0.427511	0.000000	0.000000	3.664012	126.567744	0.000000	0.000000	0.000000	0.000000	0.000000	0.000000	0.000000	24.120196	17.112465	10.518752	0.000000	
2019-06-29 00:00	0.000000	0.000000	6.745020	0.000000	0.408706	0.000000	0.000000	4.991355	121.576389	0.000000	0.000000	0.000000	0.000000	0.000000	0.000000	0.000000	30.811071	21.334771	9.780351	0.000000	
2019-06-30 00:00	0.000000	0.000000	7.471335	0.053083	0.389129	0.000000	0.000000	5.329523	116.299950	0.000000	0.000000	0.000000	0.000000	0.000000	0.000000	0.000000	35.113034	26.163789	14.813054	0.000000	
2019-07-01 00:00	0.000000	0.000000	5.170610	0.039409	0.376241	0.000000	0.000000	3.546453	112.792905	0.000000	0.000000	0.000000	0.000000	0.000000	0.000000	0.000000	27.342722	22.003705	14.940109	0.000000	
2019-07-02 00:00	0.000000	0.000000	4.363145	0.000000	0.365641	0.000000	0.000000	2.901798	109.891107	0.000000	0.000000	0.000000	0.000000	0.000000	0.000000	0.000000	22.029921	16.561997	10.022870	0.000000	
2019-07-03 00:00	0.000000	0.000000	4.416863	0.000000	0.355250	0.000000	0.000000	2.862033	107.029075	0.000000	0.000000	0.000000	0.000000	0.000000	0.000000	0.000000	21.242359	14.778089	7.454929	0.000000	
2019-07-04 00:00	0.000000	0.000000	4.938548	0.000000	0.343949	0.000000	0.000000	3.128971	103.900104	0.000000	0.000000	0.000000	0.000000	0.000000	0.000000	0.000000	23.261284	15.658526	6.877975	0.000000	
2019-07-05 00:00	0.000000	0.000000	4.852819	0.000000	0.333243	0.000000	0.000000	2.982828	100.917276	0.000000	0.000000	0.000000	0.000000	0.000000	0.000000	0.000000	25.259868	18.370398	11.732321	0.000000	
2019-07-06 00:00	0.000000	0.000000	5.503720	0.656323	0.324303	0.000000	0.000000	3.321462	98.252138	0.000000	0.000000	0.000000	0.000000	0.000000	0.000000	0.000000	27.611535	19.761799	11.448013	0.000000	
2019-07-07 00:00	0.000000	0.000000	3.592171	0.084107	0.317282	0.000000	0.000000	2.095259	96.240985	0.000000	0.000000	0.000000	0.000000	0.000000	0.000000	0.000000	19.118233	14.424707	9.567680	0.000000	
2019-07-08 00:00	0.000000	0.000000	3.322901	0.088101	0.310882	0.000000	0.000000	1.898634	94.430453	0.000000	0.000000	0.000000	0.000000	0.000000	0.000000	0.000000	17.008297	12.745635	7.855030	0.000000	
2019-07-09 00:00	0.000000	0.000000	3.180039	0.088077	0.304912	0.000000	0.000000	1.777849	92.740680	0.000000	0.000000	0.000000	0.000000	0.000000	0.000000	0.000000	16.560203	12.334636	7.909331	0.000000	
2019-07-10 00:00	0.000000	0.000000	4.454207	1.060199	0.301217	0.000000	0.000000	2.494664	91.306215	0.000000	0.000000	0.000000	0.000000	0.000000	0.000000	0.000000	21.664672	14.875441	7.250341	0.000000	
2019-07-11 00:00	0.000011	0.000466	3.259410	7.070244	0.330110	0.000000	0.000000	1.961351	96.414631	0.000000	0.000000	0.000000	0.000000	0.000000	0.000000	0.000000	19.933891	15.355486	12.404515	0.126357	
2019-07-12 00:00	0.002552	0.009546	3.893007	12.295145	0.379330	0.000000	0.000000	2.688615	106.009064	0.000000	0.000000	0.000000	0.000000	0.000000	0.000000	0.000000	22.786979	15.875111	12.335938	3.207506	
2019-07-13 00:00	0.005255	0.018917	2.926487	6.824165	0.401568	0.000000	0.000000	2.106997	110.702060	0.000000	0.000000	0.000000	0.000000	0.000000	0.000000	0.000000	18.962964	15.195854	12.725782	6.408542	
2019-07-14 00:00	0.000161	0.001961	2.737154	0.660532	0.395002	0.000000	0.000000	1.959934	109.400536	0.000000	0.000000	0.000000	0.000000	0.000000	0.000000	0.000000	17.117008	14.084100	11.219687	0.562623	
2019-07-15 00:00	0.000000	0.000000	3.326091	0.003974	0.383677	0.000000	0.000000	2.344838	107.059672	0.000000	0.000000	0.000000	0.000000	0.000000	0.000000	0.000000	18.661672	14.361064	10.037193	0.000000	
2019-07-16 00:00	0.000000	0.000000	3.514831	0.006930	0.372429	0.000000	0.000000	2.416618	104.649983	0.000000	0.000000	0.000000	0.000000	0.000000	0.000000	0.000000	19.427565	14.083528	9.513059	0.000000	
2019-07-17 00:00	0.000000	0.000000	3.869229	0.003330	0.360928	0.000000	0.000000	2.568054	102.085260	0.000000	0.000000	0.000000	0.000000	0.000000	0.000000	0.000000	21.198038	15.579012	10.310288	0.000000	
2019-07-18 00:00	0.000000	0.000000	5.174985	0.501659	0.348697	0.000000	0.000000	3.361315	99.225604	0.000000	0.000000	0.000000	0.000000	0.000000	0.000000	0.000000	25.794263	18.302535	9.138005	0.000000	
2019-07-19 00:00	0.000000	0.000000	3.652114	2.006095	0.349021	0.000000	0.000000	2.335206	98.896492	0.000000	0.000000	0.000000	0.000000	0.000000	0.000000	0.000000	22.507431	17.940568	13.961405	0.000000	
2019-07-20 00:00	0.000000	0.000000	5.671092	4.207457	0.351330	0.000000	0.000000	3.736052	99.367897	0.000000	0.000000	0.000000	0.000000	0.000000	0.000000	0.000000	29.983501	21.315495	12.770272	0.000000	
2019-07-21 00:00	0.000000	0.000003	4.550398	0.497712	0.341010	0.000000	0.000000	2.882928	96.982678	0.000000	0.000000	0.000000	0.000000	0.000000	0.000000	0.000000	25.954872	20.052269	13.998678	0.000840	
2019-07-22 00:00	0.000000	0.000000	5.137020	0.000000	0.327541	0.000000	0.000000	3.151312	93.831366	0.000000	0.000000	0.000000	0.000000	0.000000	0.000000	0.000000	27.202185	20.160071	11.918536	0.000000	
2019-07-23 00:00	0.000000	0.000000	5.977947	0.000000	0.312839	0.000000	0.000000	3.525231	90.306135	0.000000	0.000000	0.000000	0.000000	0.000000	0.000000	0.000000	31.716253	23.479191	14.180830	0.000000	
2019-07-24 00:00	0.000000	0.000000	6.462335	0.000000	0.297966	0.000000	0.000000	3.647137	86.658998	0.000000	0.000000	0.000000	0.000000	0.000000	0.000000	0.000000	34.397413	26.230597	16.313149	0.000000	
2019-07-25 00:00	0.000000	0.000000	6.554243	0.000000	0.283879	0.000000	0.000000	3.529952	83.129046	0.000000	0.000000	0.000000	0.000000	0.000000	0.000000	0.000000	35.702863	27.371012	17.901658	0.000000	
2019-07-26 00:00	0.000000	0.000000	5.739594	0.000000	0.272278	0.000000	0.000000	2.956938	80.172108	0.000000	0.000000	0.000000	0.000000	0.000000	0.000000	0.000000	32.367194	25.337147	17.192193	0.000000	
2019-07-27 00:00	0.000000	0.000000	5.139858	0.444177	0.264630	0.000000	0.000000	2.552641	78.063644	0.000000	0.000000	0.000000	0.000000	0.000000	0.000000	0.000000	29.577968	22.946349	15.765831	0.000000	
2019-07-28 00:00	0.000048	0.000139	4.587347	5.105833	0.280249	0.000000	0.000000	2.372599	80.796691	0.000000	0.000000	0.000000	0.000000	0.000000	0.000000	0.000000	28.257337	21.881695	16.527758	0.049653	
2019-07-29 00:00	0.000001	0.000019	3.400345	0.776441	0.276996	0.000000	0.000000	1.717145	79.855966	0.000000	0.000000	0.000000	0.000000	0.000000	0.000000	0.000000	23.881205	20.255776	16.713541	0.005356	
2019-07-30 00:00	0.000000	0.000000	4.504413	1.129693	0.272624	0.000000	0.000000	2.301184	78.684476	0.000000	0.000000	0.000000	0.000000	0.000000	0.000000	0.000000	27.677332	21.702692	16.014169	0.000000	
2019-07-31 00:00	0.000016	0.000618	3.931606	3.926713	0.284352	0.000000	0.000000	2.085892	80.524662	0.000000	0.000000	0.000000	0.000000	0.000000	0.000000	0.000000	24.196068	18.722694	13.649666	0.168149	
2019-08-01 00:00	0.000000	0.000000	3.812940	0.001533	0.275235	0.000000	0.000000	1.951629	78.574566	0.000000	0.000000	0.000000	0.000000	0.000000	0.000000	0.000000	24.263117	17.916669	11.192515	0.000000	
2019-08-02 00:00	0.000019	0.000312	3.649252	5.690295	0.294173	0.000000	0.000000	1.988534	82.275995	0.000000	0.000000	0.000000	0.000000	0.000000	0.000000	0.000000	24.950388	17.611764	12.611146	0.087748	
2019-08-03 00:00	0.000019	0.000611	3.167360	3.856740	0.305543	0.000000	0.000000	1.787920	84.344185	0.000000	0.000000	0.000000	0.000000	0.000000	0.000000	0.000000	22.692295	16.771886	12.822919	0.167093	
2019-08-04 00:00	0.000000	0.000000	3.846538	0.053684	0.295128	0.000000	0.000000	2.116069	82.281800	0.000000	0.000000	0.000000	0.000000	0.000000	0.000000	0.000000	25.162992	18.328001	11.726235	0.000000	
2019-08-05 00:00	0.000000	0.000000	3.556814	0.987919	0.290615	0.000000	0.000000	1.916639	81.353081	0.000000	0.000000	0.000000	0.000000	0.000000	0.000000	0.000000	24.851583	19.172577	13.723898	0.000000	
2019-08-06 00:00	0.000000	0.000000	3.560950	1.794221	0.291040	0.000000	0.000000	1.913521	81.233781	0.000000	0.000000	0.000000	0.000000	0.000000	0.000000	0.000000	25.256234	19.495410	14.194700	0.000000	
2019-08-07 00:00	0.000294	0.000979	2.568226	7.246365	0.321802	0.000000	0.000000	1.502560	86.976313	0.000000	0.000000	0.000000	0.000000	0.000000	0.000000	0.000000	21.137589	17.793148	14.677929	0.337448	
2019-08-08 00:00	0.000000	0.000000	3.524288	0.074579	0.311894	0.000000	0.000000	2.028348	85.022544	0.000000	0.000000	0.000000	0.000000	0.000000	0.000000	0.000000	24.786602	18.431191	13.017575	0.000000	
2019-08-09 00:00	0.000573	0.003456	4.347745	9.586898	0.345965	0.000000	0.000000	2.785953	91.819460	0.000000	0.000000	0.000000	0.000000	0.000000	0.000000	0.000000	28.569887	20.812627	12.676681	1.068271	
2019-08-10 00:00	0.000000	0.000000	3.227296	0.026727	0.335326	0.000000	0.000000	2.001071	89.845116	0.000000	0.000000	0.000000	0.000000	0.000000	0.000000	0.000000	24.205883	20.332617	15.072420	0.000000	
2019-08-11 00:00	0.000000	0.000000	3.969856	1.122416	0.328105	0.000000	0.000000	2.422077	88.545456	0.000000	0.000000	0.000000	0.000000	0.000000	0.000000	0.000000	27.029361	19.951176	12.775581	0.000014	
2019-08-12 00:00	0.000000	0.000000	2.837894	1.105644	0.325081	0.000000	0.000000	1.707342	87.943757	0.000000	0.000000	0.000000	0.000000	0.000000	0.000000	0.000000	21.695301	17.119098	12.923581	0.000000	
2019-08-13 00:00	0.000000	0.000000	2.831999	0.468440	0.319276	0.000000	0.000000	1.658217	86.753980	0.000000	0.000000	0.000000	0.000000	0.000000	0.000000	0.000000	20.354772	15.140117	10.472035	0.000000	
2019-08-14 00:00	0.000000	0.000000	3.065452	0.431395	0.312879	0.000000	0.000000	1.769902	85.415473	0.000000	0.000000	0.000000	0.000000	0.000000	0.000000	0.000000	20.904582	14.741878	8.855467	0.000000	
2019-08-15 00:00	0.000074	0.000729	2.723846	4.959452	0.329489	0.000000	0.000000	1.625170	88.748952	0.000000	0.000000	0.000000	0.000000	0.000000	0.000000	0.000000	19.655192	14.934831	10.057186	0.212935	
2019-08-16 00:00	0.000000	0.000000	2.914977	0.026441	0.321105	0.000000	0.000000	1.721888	87.053504	0.000000	0.000000	0.000000	0.000000	0.000000	0.000000	0.000000	21.995548	16.549594	11.962274	0.000000	
2019-08-17 00:00	0.000023	0.000142	2.945301	1.751366	0.321261	0.000000	0.000000	1.723340	87.081365	0.000000	0.000000	0.000000	0.000000	0.000000	0.000000	0.000000	22.050032	17.588609	12.240994	0.043824	
2019-08-18 00:00	0.000112	0.001167	3.603455	6.009400	0.341510	0.000000	0.000000	2.270089	90.819396	0.000000	0.000000	0.000000	0.000000	0.000000	0.000000	0.000000	28.247360	20.122050	15.395282	0.339208	
2019-08-19 00:00	0.000000	0.000000	3.100474	0.043792	0.331744	0.000000	0.000000	1.891315	88.971873	0.000000	0.000000	0.000000	0.000000	0.000000	0.000000	0.000000	23.457465	18.025736	12.538991	0.000000	
2019-08-20 00:00	0.000006	0.000105	2.821297	2.448550	0.335908	0.000000	0.000000	1.737024	89.683288	0.000000	0.000000	0.000000	0.000000	0.000000	0.000000	0.000000	20.861411	15.598511	10.252148	0.029449	
2019-08-21 00:00	0.000000	0.000000	3.083236	0.001062	0.326230	0.000000	0.000000	1.859842	87.824508	0.000000	0.000000	0.000000	0.000000	0.000000	0.000000	0.000000	22.037027	15.436210	9.013871	0.000000	
2019-08-22 00:00	0.000000	0.000000	3.608337	0.000000	0.315722	0.000000	0.000000	2.113581	85.710927	0.000000	0.000000	0.000000	0.000000	0.000000	0.000000	0.000000	25.007729	17.122659	8.656250	0.000000	
2019-08-23 00:00	0.000000	0.000000	3.897002	0.000000	0.305087	0.000000	0.000000	2.214379	83.496548	0.000000	0.000000	0.000000	0.000000	0.000000	0.000000	0.000000	27.235899	18.790889	9.635621	0.000000	
2019-08-24 00:00	0.000000	0.000000	3.886431	0.000000	0.295117	0.000000	0.000000	2.135297	81.361250	0.000000	0.000000	0.000000	0.000000	0.000000	0.000000	0.000000	27.407963	20.015078	10.762800	0.000000	
2019-08-25 00:00	0.000000	0.000000	3.972340	1.013176	0.290939	0.000000	0.000000	2.151377	80.223050	0.000000	0.000000	0.000000	0.000000	0.000000	0.000000	0.000000	30.723995	22.546807	15.270814	0.000000	
2019-08-26 00:00	0.000000	0.000000	3.817263	1.670493	0.289519	0.000000	0.000000	2.049956	79.843587	0.000000	0.000000	0.000000	0.000000	0.000000	0.000000	0.000000	30.305564	22.484195	15.722812	0.000000	
2019-08-27 00:00	0.000014	0.000075	3.691791	2.187570	0.290992	0.000000	0.000000	1.986253	80.044815	0.000000	0.000000	0.000000	0.000000	0.000000	0.000000	0.000000	30.040814	21.896168	15.736036	0.023681	
2019-08-28 00:00	0.000003	0.000060	3.729340	1.450615	0.288745	0.000000	0.000000	2.003835	79.491531	0.000000	0.000000	0.000000	0.000000	0.000000	0.000000	0.000000	30.873619	22.675297	16.589195	0.016777	
2019-08-29 00:00	0.000249	0.000924	3.330427	5.869007	0.308927	0.000000	0.000000	1.915756	83.443609	0.000000	0.000000	0.000000	0.000000	0.000000	0.000000	0.000000	28.440013	20.864530	15.697825	0.310978	
2019-08-30 00:00	0.000588	0.002647	3.368660	1.726259	0.308604	0.000000	0.000000	1.933693	83.232939	0.000000	0.000000	0.000000	0.000000	0.000000	0.000000	0.000000	28.641813	21.075692	15.511813	0.857801	
2019-08-31 00:00	0.000000	0.000000	3.812699	0.000000	0.298340	0.000000	0.000000	2.115163	81.117776	0.000000	0.000000	0.000000	0.000000	0.000000	0.000000	0.000000	30.887606	23.109863	15.454250	0.000000	
@end
