  Ermittelte Wasserstände für die Pegelpunkte 
  ------------------------------------------- 
           Punktnummern (ID Nr. der  Nodes des Berechnungsnetzes )
          812952   812956   814261
 
  Zeit [h]  Wasserstand [m ü NN]  
 -----------------------------------------------------------------------------------------
 
    0.0028   29.382   29.194   29.362
    0.2500   29.382   29.194   29.362
    0.5000   29.382   29.194   29.362
    0.7501   29.382   29.194   29.362
    1.0001   29.382   29.194   29.362
    1.2500   29.382   29.194   29.362
    1.5000   29.382   29.194   29.362
    1.7500   29.382   29.194   29.362
    2.0000   29.382   29.194   29.362
    2.2500   29.382   29.194   29.362
    2.5000   30.638   30.639   30.640
    2.7500   31.757   31.758   31.759
    3.0000   32.027   32.028   32.028
    3.2500   32.121   32.122   32.122
    3.5000   32.215   32.216   32.215
    3.7500   32.288   32.287   32.285
    4.0000   32.336   32.335   32.333
    4.2500   32.383   32.381   32.378
    4.5000   32.431   32.429   32.424
    4.7500   32.465   32.463   32.458
    5.0000   32.493   32.491   32.485
    5.2500   32.527   32.524   32.516
    5.5000   32.563   32.560   32.551
    5.7500   32.602   32.602   32.592
    6.0000   32.640   32.640   32.631
    6.2500   32.671   32.670   32.660
    6.5000   32.696   32.695   32.683
    6.7500   32.733   32.733   32.718
    7.0000   32.771   32.769   32.753
    7.2500   32.803   32.799   32.782
    7.5000   32.827   32.823   32.807
    7.7500   32.844   32.840   32.825
    8.0000   32.856   32.851   32.837
    8.2500   32.863   32.858   32.843
    8.5000   32.866   32.862   32.847
    8.7500   32.869   32.864   32.849
    9.0000   32.871   32.867   32.851
    9.2500   32.873   32.868   32.853
    9.5000   32.875   32.870   32.855
    9.7500   32.876   32.871   32.856
   10.0000   32.877   32.872   32.857
   10.2500   32.880   32.875   32.860
   10.5000   32.883   32.878   32.863
   10.7500   32.886   32.881   32.866
   11.0000   32.888   32.883   32.868
   11.2500   32.889   32.885   32.869
   11.5000   32.890   32.885   32.870
   11.7500   32.891   32.886   32.870
   12.0000   32.891   32.886   32.870
   12.2500   32.891   32.886   32.871
   12.5000   32.891   32.887   32.871
   12.7500   32.892   32.887   32.871
   13.0000   32.892   32.887   32.871
   13.2500   32.892   32.887   32.871
   13.5000   32.892   32.887   32.872
   13.7500   32.892   32.888   32.872
   14.0000   32.893   32.888   32.872
   14.2500   32.893   32.888   32.872
   14.5000   32.893   32.888   32.873
   14.7500   32.894   32.889   32.873
   15.0000   32.894   32.889   32.873
   15.2500   32.894   32.889   32.874
   15.5000   32.894   32.890   32.874
   15.7500   32.895   32.890   32.874
   16.0000   32.895   32.890   32.874
   16.2500   32.895   32.890   32.874
   16.5000   32.895   32.890   32.874
   16.7500   32.895   32.891   32.875
   17.0000   32.896   32.891   32.875
   17.2500   32.896   32.891   32.875
   17.5000   32.896   32.891   32.875
   17.7500   32.896   32.891   32.875
   18.0000   32.896   32.891   32.875
   18.2500   32.896   32.891   32.875
   18.5000   32.896   32.891   32.875
   18.7500   32.896   32.891   32.875
   19.0000   32.896   32.891   32.875
   19.2500   32.896   32.891   32.876
   19.5000   32.896   32.891   32.876
   19.7500   32.896   32.891   32.876
   20.0000   32.896   32.891   32.876
   20.2500   32.896   32.891   32.876
   20.5000   32.896   32.892   32.876
   20.7500   32.896   32.892   32.876
   21.0000   32.896   32.892   32.876
   21.2500   32.896   32.892   32.876
   21.5000   32.896   32.892   32.876
   21.7500   32.896   32.892   32.876
   22.0000   32.896   32.892   32.876
   22.2500   32.896   32.892   32.876
   22.5000   32.896   32.892   32.876
   22.7500   32.896   32.892   32.876
   23.0000   32.896   32.892   32.876
   23.2500   32.896   32.892   32.876
   23.5000   32.896   32.892   32.876
   23.7500   32.896   32.892   32.876
   24.0000   32.896   32.892   32.876
   24.2500   32.896   32.892   32.876
   24.5000   32.896   32.892   32.876
   24.7500   32.896   32.892   32.876
   25.0000   32.896   32.892   32.876
   25.2500   32.896   32.892   32.876
   25.5000   32.896   32.892   32.876
   25.7500   32.896   32.892   32.876
   26.0000   32.896   32.892   32.876
   26.2500   32.896   32.892   32.876
   26.5000   32.896   32.892   32.876
   26.7500   32.896   32.892   32.876
   27.0000   32.896   32.892   32.876
   27.2500   32.896   32.892   32.876
   27.5000   32.896   32.892   32.876
   27.7500   32.896   32.892   32.876
   28.0000   32.896   32.892   32.876
   28.2500   32.896   32.892   32.876
   28.5000   32.896   32.892   32.876
   28.7500   32.896   32.892   32.876
   29.0000   32.896   32.892   32.876
   29.2500   32.896   32.892   32.876
   29.5000   32.896   32.892   32.876
   29.7500   32.896   32.892   32.876
   30.0000   32.896   32.892   32.876
   30.2500   32.896   32.892   32.876
   30.5000   32.896   32.892   32.876
   30.7500   32.896   32.892   32.876
   31.0000   32.896   32.892   32.876
   31.2500   32.896   32.892   32.876
   31.5000   32.896   32.892   32.876
   31.7500   32.896   32.892   32.876
   32.0000   32.896   32.892   32.876
   32.2500   32.896   32.892   32.876
   32.5000   32.896   32.892   32.876
   32.7500   32.896   32.892   32.876
   33.0000   32.896   32.892   32.876
   33.2500   32.896   32.892   32.876
   33.5000   32.896   32.892   32.876
   33.7500   32.896   32.892   32.876
   34.0000   32.896   32.892   32.876
   34.2500   32.896   32.892   32.876
   34.5000   32.896   32.892   32.876
   34.7500   32.896   32.892   32.876
   35.0000   32.896   32.892   32.876
   35.2500   32.896   32.892   32.876
   35.5000   32.896   32.892   32.876
   35.7500   32.896   32.892   32.876
   36.0000   32.896   32.892   32.876
   36.2500   32.896   32.892   32.876
   36.5000   32.896   32.892   32.876
   36.7500   32.896   32.892   32.876
   37.0000   32.896   32.892   32.876
   37.2500   32.896   32.892   32.876
   37.5000   32.896   32.892   32.876
   37.7500   32.896   32.892   32.876
   38.0000   32.896   32.892   32.876
   38.2500   32.896   32.892   32.876
   38.5000   32.896   32.892   32.876
   38.7500   32.896   32.892   32.876
   39.0000   32.896   32.892   32.876
   39.2500   32.896   32.892   32.876
   39.5000   32.896   32.892   32.876
   39.7500   32.896   32.892   32.876
   40.0000   32.896   32.892   32.876
   40.2500   32.896   32.892   32.876
   40.5000   32.896   32.892   32.876
   40.7500   32.896   32.892   32.876
   41.0000   32.896   32.892   32.876
   41.2500   32.896   32.892   32.876
   41.5000   32.896   32.892   32.876
   41.7500   32.896   32.892   32.876
   42.0000   32.896   32.892   32.876
   42.2500   32.896   32.892   32.876
   42.5000   32.896   32.892   32.876
   42.7500   32.896   32.892   32.876
   43.0000   32.896   32.892   32.876
   43.2500   32.896   32.892   32.876
   43.5000   32.896   32.892   32.876
   43.7500   32.896   32.892   32.876
   44.0000   32.896   32.892   32.876
   44.2500   32.896   32.892   32.876
   44.5000   32.896   32.892   32.876
   44.7500   32.896   32.892   32.876
   45.0000   32.896   32.892   32.876
   45.2500   32.896   32.892   32.876
   45.5000   32.896   32.892   32.876
   45.7500   32.896   32.892   32.876
   46.0000   32.896   32.892   32.876
   46.2500   32.896   32.892   32.876
   46.5000   32.896   32.892   32.876
   46.7500   32.896   32.892   32.876
   47.0000   32.896   32.892   32.876
   47.2500   32.896   32.892   32.876
   47.5000   32.896   32.892   32.876
   47.7500   32.896   32.892   32.876
   48.0000   32.896   32.892   32.876
   48.2500   32.896   32.892   32.876
   48.5000   32.896   32.892   32.876
   48.7500   32.896   32.892   32.876
   49.0000   32.896   32.892   32.876
   49.2500   32.896   32.892   32.876
   49.5000   32.896   32.892   32.876
   49.7500   32.896   32.892   32.876
   50.0000   32.896   32.892   32.876
   50.2500   32.896   32.892   32.876
   50.5000   32.896   32.892   32.876
   50.7500   32.896   32.892   32.876
   51.0000   32.896   32.892   32.876
   51.2500   32.896   32.892   32.876
   51.5000   32.896   32.892   32.876
   51.7500   32.896   32.892   32.876
   52.0000   32.896   32.892   32.876
   52.2500   32.896   32.892   32.876
   52.5000   32.896   32.892   32.876
   52.7500   32.896   32.892   32.876
   53.0000   32.896   32.892   32.876
   53.2500   32.896   32.892   32.876
   53.5000   32.896   32.892   32.876
   53.7500   32.896   32.892   32.876
   54.0000   32.896   32.892   32.876
   54.2500   32.896   32.892   32.876
   54.5000   32.896   32.892   32.876
   54.7500   32.896   32.892   32.876
   55.0000   32.896   32.892   32.876
   55.2500   32.896   32.892   32.876
   55.5000   32.896   32.892   32.876
   55.7500   32.896   32.892   32.876
   56.0000   32.896   32.892   32.876
   56.2500   32.896   32.892   32.876
   56.5000   32.896   32.892   32.876
   56.7500   32.896   32.892   32.876
   57.0000   32.896   32.892   32.876
   57.2500   32.896   32.892   32.876
   57.5000   32.896   32.892   32.876
   57.7500   32.896   32.892   32.876
   58.0000   32.896   32.892   32.876
   58.2500   32.896   32.892   32.876
   58.5000   32.896   32.892   32.876
   58.7500   32.896   32.892   32.876
   59.0000   32.896   32.892   32.876
   59.2500   32.896   32.892   32.876
   59.5000   32.896   32.892   32.876
   59.7500   32.896   32.892   32.876
   60.0000   32.896   32.892   32.876
   60.2500   32.896   32.892   32.876
   60.5000   32.896   32.892   32.876
   60.7500   32.896   32.892   32.876
   61.0000   32.896   32.892   32.876
   61.2500   32.896   32.892   32.876
   61.5000   32.896   32.892   32.876
   61.7500   32.896   32.892   32.876
   62.0000   32.896   32.892   32.876
   62.2500   32.896   32.892   32.876
   62.5000   32.896   32.892   32.876
   62.7500   32.896   32.892   32.876
   63.0000   32.896   32.892   32.876
   63.2500   32.896   32.892   32.876
   63.5000   32.896   32.892   32.876
   63.7500   32.896   32.892   32.876
   64.0000   32.896   32.892   32.876
   64.2500   32.896   32.892   32.876
   64.5000   32.896   32.892   32.876
   64.7500   32.896   32.892   32.876
   65.0000   32.896   32.892   32.876
   65.2500   32.896   32.892   32.876
   65.5000   32.896   32.892   32.876
   65.7500   32.896   32.892   32.876
   66.0000   32.896   32.892   32.876
   66.2500   32.896   32.892   32.876
   66.5000   32.896   32.892   32.876
   66.7500   32.896   32.892   32.876
   67.0000   32.896   32.892   32.876
   67.2500   32.896   32.892   32.876
   67.5000   32.896   32.892   32.876
   67.7500   32.896   32.892   32.876
   68.0000   32.896   32.892   32.876
   68.2500   32.896   32.892   32.876
   68.5000   32.896   32.892   32.876
   68.7500   32.896   32.892   32.876
   69.0000   32.896   32.892   32.876
   69.2500   32.896   32.892   32.876
   69.5000   32.896   32.892   32.876
   69.7500   32.896   32.892   32.876
   70.0000   32.896   32.892   32.876
   70.2500   32.896   32.892   32.876
   70.5000   32.896   32.892   32.876
   70.7500   32.896   32.892   32.876
   71.0000   32.896   32.892   32.876
   71.2500   32.896   32.892   32.876
   71.5000   32.896   32.892   32.876
   71.7500   32.896   32.892   32.876
   72.0000   32.896   32.892   32.876
   72.2500   32.896   32.892   32.876
   72.5000   32.896   32.892   32.876
   72.7500   32.896   32.892   32.876
   73.0000   32.896   32.892   32.876
   73.2500   32.896   32.892   32.876
   73.5000   32.896   32.892   32.876
   73.7500   32.896   32.892   32.876
   74.0000   32.896   32.892   32.876
   74.2500   32.897   32.892   32.876
   74.5000   32.897   32.892   32.876
   74.7500   32.897   32.892   32.876
   75.0000   32.897   32.892   32.876
   75.2500   32.897   32.892   32.876
   75.5000   32.897   32.892   32.876
   75.7500   32.897   32.892   32.876
   76.0000   32.897   32.892   32.876
   76.2500   32.897   32.892   32.876
   76.5000   32.897   32.892   32.876
   76.7500   32.897   32.892   32.876
   77.0000   32.897   32.892   32.876
   77.2500   32.897   32.892   32.876
   77.5000   32.897   32.892   32.876
   77.7500   32.897   32.892   32.876
   78.0000   32.897   32.892   32.876
   78.2500   32.897   32.892   32.876
   78.5000   32.897   32.892   32.876
   78.7500   32.897   32.892   32.876
   79.0000   32.897   32.892   32.876
   79.2500   32.897   32.892   32.876
   79.5000   32.897   32.892   32.876
   79.7500   32.897   32.892   32.876
   80.0000   32.897   32.892   32.876
   80.2500   32.897   32.892   32.876
   80.5000   32.897   32.892   32.876
   80.7500   32.897   32.892   32.876
   81.0000   32.897   32.892   32.876
   81.2500   32.897   32.892   32.876
   81.5000   32.897   32.892   32.876
   81.7500   32.897   32.892   32.876
   82.0000   32.897   32.892   32.876
   82.2500   32.897   32.892   32.876
   82.5000   32.897   32.892   32.876
   82.7500   32.897   32.892   32.876
   83.0000   32.897   32.892   32.876
   83.2500   32.897   32.892   32.876
   83.5000   32.897   32.892   32.876
   83.7500   32.897   32.892   32.876
   84.0000   32.897   32.892   32.876
   84.2500   32.897   32.892   32.876
   84.5000   32.897   32.892   32.876
   84.7500   32.897   32.892   32.876
   85.0000   32.897   32.892   32.876
   85.2500   32.897   32.892   32.876
   85.5000   32.897   32.892   32.876
   85.7500   32.897   32.892   32.876
   86.0000   32.897   32.892   32.876
   86.2500   32.897   32.892   32.876
   86.5000   32.897   32.892   32.876
   86.7500   32.897   32.892   32.876
   87.0000   32.897   32.892   32.876
   87.2500   32.897   32.892   32.876
   87.5000   32.897   32.892   32.876
   87.7500   32.897   32.892   32.876
   88.0000   32.897   32.892   32.876
   88.2500   32.897   32.892   32.876
   88.5000   32.897   32.892   32.876
   88.7500   32.897   32.892   32.876
   89.0000   32.897   32.892   32.876
   89.2500   32.897   32.892   32.876
   89.5000   32.897   32.892   32.876
   89.7500   32.897   32.892   32.876
   90.0000   32.897   32.892   32.876
   90.2500   32.897   32.892   32.876
   90.5000   32.897   32.892   32.876
   90.7500   32.897   32.892   32.876
   91.0000   32.897   32.892   32.876
   91.2500   32.897   32.892   32.876
   91.5000   32.897   32.892   32.876
   91.7500   32.897   32.892   32.876
   92.0000   32.897   32.892   32.876
   92.2500   32.897   32.892   32.876
   92.5000   32.897   32.892   32.876
   92.7500   32.897   32.892   32.876
   93.0000   32.897   32.892   32.876
   93.2500   32.897   32.892   32.876
