  Abfluﬂmengen durch die Kontrollquerschnitte 
  ------------------------------------------- 
             Punktnummern:  jeweils der erste Punkt im Nodestring 
            49734    101881    105254    117082    159137    298977    303661    710720   1081161   1079502         1   1078527     59923     81847    804548
 
  Zeit [h]    Abfluﬂ [m^3/s]  
 -----------------------------------------------------------------------------------------
 
    0.0028     0.000     0.000     0.000     0.000     0.000     0.000     0.000     0.000     0.000     0.000     0.000     0.000     0.000     0.000     0.000
    0.2500     1.870    11.597     0.000     0.000     0.000     0.220     0.000     0.000     0.000     0.000    49.988     0.000     0.000     0.000     0.000
    0.5000     1.870    11.600     0.000     0.000     0.000     0.220     0.000     0.000     0.000     0.000    99.993     0.000     0.861     0.000     0.000
    0.7501     1.870    11.600     0.000     0.000     0.000     0.220     0.000     0.000     0.000     0.000   149.997     0.000     5.795     6.758     0.000
    1.0001     1.870    11.600     0.000     0.000     0.000     0.220     0.000     0.000     0.000     0.000   199.995     0.000     6.354     6.940     0.000
    1.2500     1.870    11.600     0.000     0.000     0.000     0.220     0.000     0.000     0.000     0.000   249.990     0.000     6.469     6.962     0.000
    1.5000     1.870    11.600     0.000     0.000     0.000     0.220     0.000     0.000     0.000     0.000   299.988     0.000     6.500     6.972     0.000
    1.7500     1.870    11.600     0.000     0.000     0.000     0.220     0.000     0.000     0.000     0.000   349.996     0.000     6.506     6.974     0.000
    2.0000     1.870    11.600     0.000     0.000     0.000     0.220     0.000     0.000     0.000     0.000   357.929     0.000     6.509     6.973     0.000
    2.2500     1.870    11.600     0.000     0.000     0.000     0.220     0.000     0.000     0.000     0.000   357.930     0.000     6.510     6.974     0.000
    2.5000     1.870    11.600     0.000     0.000     0.000     0.220     0.000     0.000     0.000     0.000   357.930     0.000     6.510     6.974    28.806
    2.7500     1.870    11.600     0.000     0.000     0.000     0.220     0.000     0.000     0.000     0.000   357.930     0.000     6.510     6.974    85.056
    3.0000     1.870    11.600     0.000     0.000     0.000     0.220     0.000     0.000     0.000     0.000   357.930     0.000     6.510     6.974    93.199
    3.2500     1.870    11.600     0.000     0.000     0.000     0.220     0.000     0.000     0.000     0.000   357.930     0.000     6.510     6.974   100.293
    3.5000     1.870    11.600     0.000     0.000     0.000     0.220     0.000     0.000     0.000     0.000   357.930     0.000     6.510     6.974   108.453
    3.7500     1.870    11.600     0.000     0.000     0.000     0.220     0.000     0.000    32.208     0.000   357.930     0.000     6.510     6.974   114.070
    4.0000     1.870    11.600     0.000     0.000     0.000     0.220     0.000     0.000    64.427     0.000   357.930     0.000     6.510     6.974   119.721
    4.2500     1.870    11.600     0.000     0.000     0.000     0.220     0.000     0.000    77.289     0.000   357.930     0.000     6.510     6.974   125.280
    4.5000     1.870    11.600     0.000     0.000     0.000     0.220     0.000     0.000    83.266     0.000   357.930     0.000     6.510     6.974   130.550
    4.7500     1.870    11.600     0.000     0.000     0.000     0.220     0.000     0.000    85.900     0.000   357.930     0.000     6.510     6.974   136.108
    5.0000     1.870    11.600     0.000     0.000     0.000     0.220     0.000     0.000    87.371     0.006   357.930     0.000     6.510     6.974   141.556
    5.2500     1.870    11.600     0.000     0.000     0.000     0.220     0.000     0.000    88.249     0.009   357.930     0.000     6.510     6.974   149.531
    5.5000     1.870    11.600     0.000     0.000     0.000     0.220     0.000     0.000    90.199     0.019   357.930     0.000     6.510     6.974   160.237
    5.7500     1.870    11.600     0.000     0.000     0.000     0.220     0.000     0.000    92.072     0.029   357.930     0.002     6.510     6.974   174.525
    6.0000     1.870    11.600     0.000     0.000     0.000     0.220     0.000     0.000    93.837     0.040   357.930     0.004     6.510     6.974   190.470
    6.2500     1.870    11.600     0.000     0.000     0.000     0.220     0.000     0.000    96.108     0.057   357.930     0.008     6.510     6.974   204.407
    6.5000     1.870    11.600     0.000     0.000     0.000     0.220     0.000     0.000    98.346     0.076   357.930     0.013     6.510     6.974   216.556
    6.7500     1.870    11.600     0.000     0.000     0.000     0.220     0.000     0.000   100.543     0.097   357.930     0.018     6.510     6.974   234.197
    7.0000     1.870    11.600     0.000     0.000     0.000     0.220     0.000     0.000   102.400     0.115   357.930     0.023     6.510     6.974   252.937
    7.2500     1.870    11.600     0.000     0.000     0.000     0.220     0.000     0.000   104.162     0.134   357.930     0.028     6.510     6.974   269.000
    7.5000     1.870    11.600     0.000     0.000     0.000     0.220     0.000     0.000   106.955     0.167   357.930     0.037     6.510     6.974   282.706
    7.7500     1.870    11.600     0.000     0.000     0.000     0.220     0.000     0.000   109.518     0.199   357.930     0.046     6.510     6.974   292.608
    8.0000     1.870    11.600     0.000     0.000     0.000     0.220     0.000     0.000   112.521     0.238   357.930     0.057     6.510     6.974   298.883
    8.2500     1.870    11.600     0.000     0.000     0.000     0.220     0.000     0.000   118.037     0.332   357.930     0.080     6.510     6.974   302.498
    8.5000     1.870    11.600     0.000     0.000     0.000     0.220     0.000     0.000   126.107     2.311   357.930     0.123     6.510     6.974   304.456
    8.7500     1.870    11.600     0.000     0.000     0.000     0.220     0.000     0.000   133.247     8.617   357.930     0.339     6.510     6.974   305.690
    9.0000     1.870    11.600     0.000     0.000     0.000     0.220     0.000     0.000   139.830    21.681   357.930     0.622     6.510     6.974   306.815
    9.2500     1.870    11.600     0.000     0.000     0.000     0.220     0.000     0.000   144.681    30.867   357.930     0.926     6.510     6.974   307.839
    9.5000     1.870    11.600     0.000     0.000     0.000     0.220     0.000     0.000   148.781    37.433   357.930     1.354     6.510     6.974   308.686
    9.7500     1.870    11.600     0.000     0.000     0.000     0.220     0.000     0.000   151.407    41.670   357.930     5.804     6.510     6.974   309.335
   10.0000     1.870    11.600     0.000     0.000     0.000     0.220     0.000     0.000   153.356    44.768   357.930     8.617     6.510     6.974   309.907
   10.2500     1.870    11.600     0.000     0.000     0.000     0.220     0.000     0.000   155.069    47.475   357.930    27.338     6.510     6.974   311.418
   10.5000     1.870    11.600     0.000     0.000     0.000     0.220     0.000     0.000   156.402    49.608   357.930    40.424     6.510     6.974   313.245
   10.7500     1.870    11.600     0.000     0.000     0.000     0.220     0.000     0.000   157.391    51.197   357.930    45.672     6.510     6.974   314.900
   11.0000     1.870    11.600     0.000     0.000     0.000     0.220     0.000     0.000   158.290    52.640   357.930    48.375     6.510     6.974   315.923
   11.2500     1.870    11.600     0.000     0.000     0.000     0.220     0.000     0.000   159.035    53.829   357.930    50.318     6.510     6.974   316.608
   11.5000     1.870    11.600     0.000     0.000     0.000     0.220     0.000     0.000   159.721    54.882   357.930    51.827     6.510     6.974   317.030
   11.7500     1.870    11.600     0.000     0.000     0.000     0.220     0.000     0.000   160.372    55.982   357.930    53.167     6.510     6.974   317.275
   12.0000     1.870    11.600     0.000     0.000     0.000     0.220     0.000     0.000   160.966    56.920   357.930    54.344     6.510     6.974   317.457
   12.2500     1.870    11.600     0.000     0.000     0.000     0.220     0.000     0.000   161.573    57.893   357.930    55.534     6.510     6.974   317.578
   12.5000     1.870    11.600     0.000     0.000     0.000     0.220     0.000     0.000   162.301    59.058   357.930    57.247     6.510     6.974   317.666
   12.7500     1.870    11.600     0.000     0.000     0.000     0.220     0.000     0.000   163.254    60.631   357.930    59.986     6.510     6.974   317.754
   13.0000     1.870    11.600     0.000     0.000     0.000     0.220     0.000     0.000   164.452    62.631   357.930    64.476     6.510     6.974   317.871
   13.2500     1.870    11.600     0.000     0.000     0.000     0.220     0.000     0.000   165.873    64.990   357.930    71.351     6.510     6.974   317.994
   13.5000     1.870    11.600     0.000     0.000     0.000     0.220     0.000     0.000   167.243    67.390   357.930    79.655     6.510     6.974   318.129
   13.7500     1.870    11.600     0.000     0.000     0.000     0.220     0.000     0.000   168.376    69.396   357.930    87.343     6.510     6.974   318.268
   14.0000     1.870    11.600     0.000     0.000     0.000     0.220     0.000     0.000   169.305    71.119   357.930    93.702     6.510     6.974   318.396
   14.2500     1.870    11.600     0.000     0.000     0.000     0.220     0.000     0.000   170.105    72.671   357.930    98.226     6.510     6.974   318.507
   14.5000     1.870    11.600     0.000     0.000     0.000     0.220     0.000     0.000   170.640    73.709   357.930   101.554     6.510     6.974   318.602
   14.7500     1.870    11.600     0.000     0.000     0.000     0.220     0.000     0.000   171.017    74.447   357.930   103.777     6.510     6.974   318.681
   15.0000     1.870    11.600     0.000     0.000     0.000     0.220     0.000     0.000   171.316    75.038   357.930   105.468     6.510     6.974   318.763
   15.2500     1.870    11.600     0.000     0.000     0.000     0.220     0.000     0.000   171.559    75.525   357.930   106.687     6.510     6.974   318.837
   15.5000     1.870    11.600     0.000     0.000     0.000     0.220     0.000     0.000   171.773    75.947   357.930   107.627     6.510     6.974   318.914
   15.7500     1.870    11.600     0.000     0.000     0.000     0.220     0.000     0.000   171.982    76.344   357.930   108.389     6.510     6.974   318.979
   16.0000     1.870    11.600     0.000     0.000     0.000     0.220     0.000     0.000   172.197    76.752   357.930   109.088     6.510     6.974   319.048
   16.2500     1.870    11.600     0.000     0.000     0.000     0.220     0.000     0.000   172.401    77.141   357.930   109.742     6.510     6.974   319.122
   16.5000     1.870    11.600     0.000     0.000     0.000     0.220     0.000     0.000   172.585    77.501   357.930   110.370     6.510     6.974   319.200
   16.7500     1.870    11.600     0.000     0.000     0.000     0.220     0.000     0.000   172.772    77.872   357.930   110.962     6.510     6.974   319.275
   17.0000     1.870    11.600     0.000     0.000     0.000     0.220     0.000     0.000   172.931    78.186   357.930   111.515     6.510     6.974   319.344
   17.2500     1.870    11.600     0.000     0.000     0.000     0.220     0.000     0.000   173.097    78.478   357.930   112.028     6.510     6.974   319.409
   17.5000     1.870    11.600     0.000     0.000     0.000     0.220     0.000     0.000   173.213    78.753   357.930   112.501     6.510     6.974   319.467
   17.7500     1.870    11.600     0.000     0.000     0.000     0.220     0.000     0.000   173.320    78.982   357.930   112.937     6.510     6.974   319.518
   18.0000     1.870    11.600     0.000     0.000     0.000     0.220     0.000     0.000   173.461    79.204   357.930   113.308     6.510     6.974   319.558
   18.2500     1.870    11.600     0.000     0.000     0.000     0.220     0.000     0.000   173.533    79.396   357.930   113.637     6.510     6.974   319.590
   18.5000     1.870    11.600     0.000     0.000     0.000     0.220     0.000     0.000   173.603    79.545   357.930   113.934     6.510     6.974   319.615
   18.7500     1.870    11.600     0.000     0.000     0.000     0.220     0.000     0.000   173.703    79.701   357.930   114.190     6.510     6.974   319.634
   19.0000     1.870    11.600     0.000     0.000     0.000     0.220     0.000     0.000   173.754    79.841   357.930   114.426     6.510     6.974   319.647
   19.2500     1.870    11.600     0.000     0.000     0.000     0.220     0.000     0.000   173.789    79.927   357.930   114.636     6.510     6.974   319.658
   19.5000     1.870    11.600     0.000     0.000     0.000     0.220     0.000     0.000   173.882    80.060   357.930   114.822     6.510     6.974   319.666
   19.7500     1.870    11.600     0.000     0.000     0.000     0.220     0.000     0.000   173.897    80.126   357.930   114.982     6.510     6.974   319.674
   20.0000     1.870    11.600     0.000     0.000     0.000     0.220     0.000     0.000   173.921    80.179   357.930   115.112     6.510     6.974   319.680
   20.2500     1.870    11.600     0.000     0.000     0.000     0.220     0.000     0.000   173.971    80.268   357.930   115.220     6.510     6.974   319.687
   20.5000     1.870    11.600     0.000     0.000     0.000     0.220     0.000     0.000   173.982    80.298   357.930   115.308     6.510     6.974   319.696
   20.7500     1.870    11.600     0.000     0.000     0.000     0.220     0.000     0.000   174.006    80.341   357.930   115.377     6.510     6.974   319.701
   21.0000     1.870    11.600     0.000     0.000     0.000     0.220     0.000     0.000   174.026    80.384   357.930   115.440     6.510     6.974   319.698
   21.2500     1.870    11.600     0.000     0.000     0.000     0.220     0.000     0.000   174.036    80.406   357.930   115.492     6.510     6.974   319.698
   21.5000     1.870    11.600     0.000     0.000     0.000     0.220     0.000     0.000   174.051    80.434   357.930   115.536     6.510     6.974   319.700
   21.7500     1.870    11.600     0.000     0.000     0.000     0.220     0.000     0.000   174.060    80.454   357.930   115.573     6.510     6.974   319.701
   22.0000     1.870    11.600     0.000     0.000     0.000     0.220     0.000     0.000   174.068    80.470   357.930   115.603     6.510     6.974   319.702
   22.2500     1.870    11.600     0.000     0.000     0.000     0.220     0.000     0.000   174.077    80.487   357.930   115.632     6.510     6.974   319.703
   22.5000     1.870    11.600     0.000     0.000     0.000     0.220     0.000     0.000   174.084    80.501   357.930   115.657     6.510     6.974   319.702
   22.7500     1.870    11.600     0.000     0.000     0.000     0.220     0.000     0.000   174.091    80.515   357.930   115.682     6.510     6.974   319.702
   23.0000     1.870    11.600     0.000     0.000     0.000     0.220     0.000     0.000   174.097    80.528   357.930   115.704     6.510     6.974   319.703
   23.2500     1.870    11.600     0.000     0.000     0.000     0.220     0.000     0.000   174.103    80.539   357.930   115.726     6.510     6.974   319.701
   23.5000     1.870    11.600     0.000     0.000     0.000     0.220     0.000     0.000   174.108    80.550   357.930   115.745     6.510     6.974   319.703
   23.7500     1.870    11.600     0.000     0.000     0.000     0.220     0.000     0.000   174.112    80.558   357.930   115.762     6.510     6.974   319.704
   24.0000     1.870    11.600     0.000     0.000     0.000     0.220     0.000     0.000   174.116    80.566   357.930   115.778     6.510     6.974   319.705
   24.2500     1.870    11.600     0.000     0.000     0.000     0.220     0.000     0.000   174.119    80.573   357.930   115.792     6.510     6.974   319.702
   24.5000     1.870    11.600     0.000     0.000     0.000     0.220     0.000     0.000   174.122    80.579   357.930   115.804     6.510     6.974   319.701
   24.7500     1.870    11.600     0.000     0.000     0.000     0.220     0.000     0.000   174.125    80.584   357.930   115.815     6.510     6.974   319.703
   25.0000     1.870    11.600     0.000     0.000     0.000     0.220     0.000     0.000   174.127    80.589   357.930   115.825     6.510     6.974   319.704
   25.2500     1.870    11.600     0.000     0.000     0.000     0.220     0.000     0.000   174.129    80.593   357.930   115.834     6.510     6.974   319.704
   25.5000     1.870    11.600     0.000     0.000     0.000     0.220     0.000     0.000   174.131    80.597   357.930   115.843     6.510     6.974   319.704
   25.7500     1.870    11.600     0.000     0.000     0.000     0.220     0.000     0.000   174.133    80.600   357.930   115.851     6.510     6.974   319.705
   26.0000     1.870    11.600     0.000     0.000     0.000     0.220     0.000     0.000   174.134    80.603   357.930   115.857     6.510     6.974   319.704
   26.2500     1.870    11.600     0.000     0.000     0.000     0.220     0.000     0.000   174.136    80.606   357.930   115.864     6.510     6.974   319.706
   26.5000     1.870    11.600     0.000     0.000     0.000     0.220     0.000     0.000   174.137    80.608   357.930   115.869     6.510     6.974   319.705
   26.7500     1.870    11.600     0.000     0.000     0.000     0.220     0.000     0.000   174.138    80.611   357.930   115.875     6.510     6.974   319.705
   27.0000     1.870    11.600     0.000     0.000     0.000     0.220     0.000     0.000   174.138    80.612   357.930   115.879     6.510     6.974   319.706
   27.2500     1.870    11.600     0.000     0.000     0.000     0.220     0.000     0.000   174.139    80.614   357.930   115.884     6.510     6.974   319.706
   27.5000     1.870    11.600     0.000     0.000     0.000     0.220     0.000     0.000   174.140    80.615   357.930   115.887     6.510     6.974   319.705
   27.7500     1.870    11.600     0.000     0.000     0.000     0.220     0.000     0.000   174.141    80.617   357.930   115.891     6.510     6.974   319.706
   28.0000     1.870    11.600     0.000     0.000     0.000     0.220     0.000     0.000   174.142    80.618   357.930   115.894     6.510     6.974   319.705
   28.2500     1.870    11.600     0.000     0.000     0.000     0.220     0.000     0.000   174.142    80.619   357.930   115.897     6.510     6.974   319.706
   28.5000     1.870    11.600     0.000     0.000     0.000     0.220     0.000     0.000   174.142    80.621   357.930   115.900     6.510     6.974   319.706
   28.7500     1.870    11.600     0.000     0.000     0.000     0.220     0.000     0.000   174.143    80.622   357.930   115.902     6.510     6.974   319.706
   29.0000     1.870    11.600     0.000     0.000     0.000     0.220     0.000     0.000   174.143    80.623   357.930   115.904     6.510     6.974   319.706
   29.2500     1.870    11.600     0.000     0.000     0.000     0.220     0.000     0.000   174.144    80.623   357.930   115.907     6.510     6.974   319.707
   29.5000     1.870    11.600     0.000     0.000     0.000     0.220     0.000     0.000   174.144    80.624   357.930   115.908     6.510     6.974   319.706
   29.7500     1.870    11.600     0.000     0.000     0.000     0.220     0.000     0.000   174.144    80.624   357.930   115.909     6.510     6.974   319.706
   30.0000     1.870    11.600     0.000     0.000     0.000     0.220     0.000     0.000   174.144    80.625   357.930   115.910     6.510     6.974   319.705
   30.2500     1.870    11.600     0.000     0.000     0.000     0.220     0.000     0.000   174.145    80.625   357.930   115.912     6.510     6.974   319.705
   30.5000     1.870    11.600     0.000     0.000     0.000     0.220     0.000     0.000   174.145    80.626   357.930   115.913     6.510     6.974   319.705
   30.7500     1.870    11.600     0.000     0.000     0.000     0.220     0.000     0.000   174.145    80.626   357.930   115.914     6.510     6.974   319.706
   31.0000     1.870    11.600     0.000     0.000     0.000     0.220     0.000     0.000   174.145    80.627   357.930   115.915     6.510     6.974   319.705
   31.2500     1.870    11.600     0.000     0.000     0.000     0.220     0.000     0.000   174.146    80.627   357.930   115.916     6.510     6.974   319.706
   31.5000     1.870    11.600     0.000     0.000     0.000     0.220     0.000     0.000   174.146    80.627   357.930   115.916     6.510     6.974   319.705
   31.7500     1.870    11.600     0.000     0.000     0.000     0.220     0.000     0.000   174.146    80.627   357.930   115.917     6.510     6.974   319.705
   32.0000     1.870    11.600     0.000     0.000     0.000     0.220     0.000     0.000   174.146    80.628   357.930   115.918     6.510     6.974   319.706
   32.2500     1.870    11.600     0.000     0.000     0.000     0.220     0.000     0.000   174.146    80.628   357.930   115.919     6.510     6.974   319.706
   32.5000     1.870    11.600     0.000     0.000     0.000     0.220     0.000     0.000   174.146    80.628   357.930   115.919     6.510     6.974   319.705
   32.7500     1.870    11.600     0.000     0.000     0.000     0.220     0.000     0.000   174.146    80.628   357.930   115.920     6.510     6.974   319.705
   33.0000     1.870    11.600     0.000     0.000     0.000     0.220     0.000     0.000   174.146    80.628   357.930   115.920     6.510     6.974   319.706
   33.2500     1.870    11.600     0.000     0.000     0.000     0.220     0.000     0.000   174.146    80.628   357.930   115.921     6.510     6.974   319.705
   33.5000     1.870    11.600     0.000     0.000     0.000     0.220     0.000     0.000   174.146    80.629   357.930   115.921     6.510     6.974   319.705
   33.7500     1.870    11.600     0.000     0.000     0.000     0.220     0.000     0.000   174.147    80.629   357.930   115.922     6.510     6.974   319.705
   34.0000     1.870    11.600     0.000     0.000     0.000     0.220     0.000     0.000   174.147    80.629   357.930   115.922     6.510     6.974   319.704
   34.2500     1.870    11.600     0.000     0.000     0.000     0.220     0.000     0.000   174.147    80.629   357.930   115.923     6.510     6.974   319.705
   34.5000     1.870    11.600     0.000     0.000     0.000     0.220     0.000     0.000   174.147    80.629   357.930   115.923     6.510     6.974   319.705
   34.7500     1.870    11.600     0.000     0.000     0.000     0.220     0.000     0.000   174.147    80.630   357.930   115.923     6.510     6.974   319.704
   35.0000     1.870    11.600     0.000     0.000     0.000     0.220     0.000     0.000   174.147    80.629   357.930   115.923     6.510     6.974   319.705
   35.2500     1.870    11.600     0.000     0.000     0.000     0.220     0.000     0.000   174.147    80.629   357.930   115.924     6.510     6.974   319.705
   35.5000     1.870    11.600     0.000     0.000     0.000     0.220     0.000     0.000   174.147    80.630   357.930   115.924     6.510     6.974   319.705
   35.7500     1.870    11.600     0.000     0.000     0.000     0.220     0.000     0.000   174.147    80.630   357.930   115.924     6.510     6.974   319.705
   36.0000     1.870    11.600     0.000     0.000     0.000     0.220     0.000     0.000   174.147    80.630   357.930   115.925     6.510     6.974   319.705
   36.2500     1.870    11.600     0.000     0.000     0.000     0.220     0.000     0.000   174.147    80.630   357.930   115.925     6.510     6.974   319.706
   36.5000     1.870    11.600     0.000     0.000     0.000     0.220     0.000     0.000   174.147    80.630   357.930   115.925     6.510     6.974   319.705
   36.7500     1.870    11.600     0.000     0.000     0.000     0.220     0.000     0.000   174.147    80.629   357.930   115.925     6.510     6.974   319.704
   37.0000     1.870    11.600     0.000     0.000     0.000     0.220     0.000     0.000   174.148    80.630   357.930   115.926     6.510     6.974   319.705
   37.2500     1.870    11.600     0.000     0.000     0.000     0.220     0.000     0.000   174.147    80.630   357.930   115.926     6.510     6.974   319.704
   37.5000     1.870    11.600     0.000     0.000     0.000     0.220     0.000     0.000   174.148    80.630   357.930   115.926     6.510     6.974   319.704
   37.7500     1.870    11.600     0.000     0.000     0.000     0.220     0.000     0.000   174.148    80.630   357.930   115.926     6.510     6.974   319.705
   38.0000     1.870    11.600     0.000     0.000     0.000     0.220     0.000     0.000   174.147    80.630   357.930   115.926     6.510     6.974   319.705
   38.2500     1.870    11.600     0.000     0.000     0.000     0.220     0.000     0.000   174.147    80.631   357.930   115.926     6.510     6.974   319.706
   38.5000     1.870    11.600     0.000     0.000     0.000     0.220     0.000     0.000   174.147    80.629   357.930   115.927     6.510     6.974   319.704
   38.7500     1.870    11.600     0.000     0.000     0.000     0.220     0.000     0.000   174.148    80.630   357.930   115.927     6.510     6.974   319.705
   39.0000     1.870    11.600     0.000     0.000     0.000     0.220     0.000     0.000   174.147    80.631   357.930   115.927     6.510     6.974   319.705
   39.2500     1.870    11.600     0.000     0.000     0.000     0.220     0.000     0.000   174.147    80.630   357.930   115.927     6.510     6.974   319.705
   39.5000     1.870    11.600     0.000     0.000     0.000     0.220     0.000     0.000   174.147    80.630   357.930   115.927     6.510     6.974   319.705
   39.7500     1.870    11.600     0.000     0.000     0.000     0.220     0.000     0.000   174.147    80.630   357.930   115.927     6.510     6.974   319.704
   40.0000     1.870    11.600     0.000     0.000     0.000     0.220     0.000     0.000   174.148    80.630   357.930   115.927     6.510     6.974   319.704
   40.2500     1.870    11.600     0.000     0.000     0.000     0.220     0.000     0.000   174.148    80.630   357.930   115.927     6.510     6.974   319.705
   40.5000     1.870    11.600     0.000     0.000     0.000     0.220     0.000     0.000   174.147    80.630   357.930   115.927     6.510     6.974   319.705
   40.7500     1.870    11.600     0.000     0.000     0.000     0.220     0.000     0.000   174.147    80.630   357.930   115.927     6.510     6.974   319.705
   41.0000     1.870    11.600     0.000     0.000     0.000     0.220     0.000     0.000   174.148    80.630   357.930   115.927     6.510     6.974   319.706
   41.2500     1.870    11.600     0.000     0.000     0.000     0.220     0.000     0.000   174.148    80.630   357.930   115.927     6.510     6.974   319.706
   41.5000     1.870    11.600     0.000     0.000     0.000     0.220     0.000     0.000   174.147    80.630   357.930   115.927     6.510     6.974   319.705
   41.7500     1.870    11.600     0.000     0.000     0.000     0.220     0.000     0.000   174.147    80.630   357.930   115.928     6.510     6.974   319.706
   42.0000     1.870    11.600     0.000     0.000     0.000     0.220     0.000     0.000   174.148    80.631   357.930   115.928     6.510     6.974   319.705
   42.2500     1.870    11.600     0.000     0.000     0.000     0.220     0.000     0.000   174.147    80.630   357.930   115.928     6.510     6.974   319.705
   42.5000     1.870    11.600     0.000     0.000     0.000     0.220     0.000     0.000   174.147    80.631   357.930   115.928     6.510     6.974   319.706
   42.7500     1.870    11.600     0.000     0.000     0.000     0.220     0.000     0.000   174.147    80.631   357.930   115.928     6.510     6.974   319.706
   43.0000     1.870    11.600     0.000     0.000     0.000     0.220     0.000     0.000   174.148    80.631   357.930   115.928     6.510     6.974   319.706
   43.2500     1.870    11.600     0.000     0.000     0.000     0.220     0.000     0.000   174.148    80.631   357.930   115.928     6.510     6.974   319.706
   43.5000     1.870    11.600     0.000     0.000     0.000     0.220     0.000     0.000   174.148    80.630   357.930   115.928     6.510     6.974   319.706
   43.7500     1.870    11.600     0.000     0.000     0.000     0.220     0.000     0.000   174.148    80.630   357.930   115.928     6.510     6.974   319.705
   44.0000     1.870    11.600     0.000     0.000     0.000     0.220     0.000     0.000   174.148    80.631   357.930   115.928     6.510     6.974   319.706
   44.2500     1.870    11.600     0.000     0.000     0.000     0.220     0.000     0.000   174.148    80.631   357.930   115.928     6.510     6.974   319.706
   44.5000     1.870    11.600     0.000     0.000     0.000     0.220     0.000     0.000   174.147    80.631   357.930   115.928     6.510     6.974   319.706
   44.7500     1.870    11.600     0.000     0.000     0.000     0.220     0.000     0.000   174.147    80.631   357.930   115.928     6.510     6.974   319.706
   45.0000     1.870    11.600     0.000     0.000     0.000     0.220     0.000     0.000   174.148    80.631   357.930   115.928     6.510     6.974   319.705
   45.2500     1.870    11.600     0.000     0.000     0.000     0.220     0.000     0.000   174.148    80.630   357.930   115.928     6.510     6.974   319.706
   45.5000     1.870    11.600     0.000     0.000     0.000     0.220     0.000     0.000   174.147    80.630   357.930   115.928     6.510     6.974   319.706
   45.7500     1.870    11.600     0.000     0.000     0.000     0.220     0.000     0.000   174.148    80.631   357.930   115.928     6.510     6.974   319.706
   46.0000     1.870    11.600     0.000     0.000     0.000     0.220     0.000     0.000   174.148    80.631   357.930   115.928     6.510     6.974   319.705
   46.2500     1.870    11.600     0.000     0.000     0.000     0.220     0.000     0.000   174.148    80.631   357.930   115.928     6.510     6.974   319.705
   46.5000     1.870    11.600     0.000     0.000     0.000     0.220     0.000     0.000   174.148    80.630   357.930   115.928     6.510     6.974   319.706
   46.7500     1.870    11.600     0.000     0.000     0.000     0.220     0.000     0.000   174.147    80.631   357.930   115.928     6.510     6.974   319.706
   47.0000     1.870    11.600     0.000     0.000     0.000     0.220     0.000     0.000   174.147    80.630   357.930   115.928     6.510     6.974   319.707
   47.2500     1.870    11.600     0.000     0.000     0.000     0.220     0.000     0.000   174.147    80.631   357.930   115.928     6.510     6.974   319.706
   47.5000     1.870    11.600     0.000     0.000     0.000     0.220     0.000     0.000   174.148    80.631   357.930   115.929     6.510     6.974   319.707
   47.7500     1.870    11.600     0.000     0.000     0.000     0.220     0.000     0.000   174.147    80.630   357.930   115.928     6.510     6.974   319.707
   48.0000     1.870    11.600     0.000     0.000     0.000     0.220     0.000     0.000   174.147    80.631   357.930   115.928     6.510     6.974   319.708
   48.2500     1.870    11.600     0.000     0.000     0.000     0.220     0.000     0.000   174.148    80.632   357.930   115.928     6.510     6.974   319.708
   48.5000     1.870    11.600     0.000     0.000     0.000     0.220     0.000     0.000   174.148    80.631   357.930   115.928     6.510     6.974   319.708
   48.7500     1.870    11.600     0.000     0.000     0.000     0.220     0.000     0.000   174.148    80.631   357.930   115.928     6.510     6.974   319.709
   49.0000     1.870    11.600     0.000     0.000     0.000     0.220     0.000     0.000   174.148    80.631   357.930   115.928     6.510     6.974   319.709
   49.2500     1.870    11.600     0.000     0.000     0.000     0.220     0.000     0.000   174.148    80.631   357.930   115.929     6.510     6.974   319.709
   49.5000     1.870    11.600     0.000     0.000     0.000     0.220     0.000     0.000   174.148    80.632   357.930   115.928     6.510     6.974   319.709
   49.7500     1.870    11.600     0.000     0.000     0.000     0.220     0.000     0.000   174.148    80.631   357.930   115.928     6.510     6.974   319.709
   50.0000     1.870    11.600     0.000     0.000     0.000     0.220     0.000     0.000   174.148    80.631   357.930   115.928     6.510     6.974   319.710
   50.2500     1.870    11.600     0.000     0.000     0.000     0.220     0.000     0.000   174.148    80.631   357.930   115.929     6.510     6.974   319.710
   50.5000     1.870    11.600     0.000     0.000     0.000     0.220     0.000     0.000   174.148    80.631   357.930   115.929     6.510     6.974   319.709
   50.7500     1.870    11.600     0.000     0.000     0.000     0.220     0.000     0.000   174.148    80.632   357.930   115.929     6.510     6.974   319.709
   51.0000     1.870    11.600     0.000     0.000     0.000     0.220     0.000     0.000   174.148    80.632   357.930   115.928     6.510     6.974   319.710
   51.2500     1.870    11.600     0.000     0.000     0.000     0.220     0.000     0.000   174.148    80.632   357.930   115.928     6.510     6.974   319.709
   51.5000     1.870    11.600     0.000     0.000     0.000     0.220     0.000     0.000   174.148    80.632   357.930   115.929     6.510     6.974   319.709
   51.7500     1.870    11.600     0.000     0.000     0.000     0.220     0.000     0.000   174.148    80.631   357.930   115.929     6.510     6.974   319.709
   52.0000     1.870    11.600     0.000     0.000     0.000     0.220     0.000     0.000   174.148    80.633   357.930   115.929     6.510     6.974   319.710
   52.2500     1.870    11.600     0.000     0.000     0.000     0.220     0.000     0.000   174.148    80.632   357.930   115.929     6.510     6.974   319.710
   52.5000     1.870    11.600     0.000     0.000     0.000     0.220     0.000     0.000   174.148    80.632   357.930   115.929     6.510     6.974   319.711
   52.7500     1.870    11.600     0.000     0.000     0.000     0.220     0.000     0.000   174.148    80.632   357.930   115.929     6.510     6.974   319.710
   53.0000     1.870    11.600     0.000     0.000     0.000     0.220     0.000     0.000   174.149    80.632   357.930   115.929     6.510     6.974   319.709
   53.2500     1.870    11.600     0.000     0.000     0.000     0.220     0.000     0.000   174.148    80.633   357.930   115.930     6.510     6.974   319.709
   53.5000     1.870    11.600     0.000     0.000     0.000     0.220     0.000     0.000   174.148    80.633   357.930   115.930     6.510     6.974   319.710
   53.7500     1.870    11.600     0.000     0.000     0.000     0.220     0.000     0.000   174.149    80.633   357.930   115.930     6.510     6.974   319.710
   54.0000     1.870    11.600     0.000     0.000     0.000     0.220     0.000     0.000   174.149    80.633   357.930   115.930     6.510     6.974   319.709
   54.2500     1.870    11.600     0.000     0.000     0.000     0.220     0.000     0.000   174.149    80.633   357.930   115.930     6.510     6.974   319.709
   54.5000     1.870    11.600     0.000     0.000     0.000     0.220     0.000     0.000   174.149    80.633   357.930   115.930     6.510     6.974   319.709
   54.7500     1.870    11.600     0.000     0.000     0.000     0.220     0.000     0.000   174.149    80.633   357.930   115.930     6.510     6.974   319.709
   55.0000     1.870    11.600     0.000     0.000     0.000     0.220     0.000     0.000   174.149    80.634   357.930   115.931     6.510     6.974   319.710
   55.2500     1.870    11.600     0.000     0.000     0.000     0.220     0.000     0.000   174.149    80.634   357.930   115.931     6.510     6.974   319.710
   55.5000     1.870    11.600     0.000     0.000     0.000     0.220     0.000     0.000   174.149    80.633   357.930   115.931     6.510     6.974   319.709
   55.7500     1.870    11.600     0.000     0.000     0.000     0.220     0.000     0.000   174.149    80.633   357.930   115.931     6.510     6.974   319.711
   56.0000     1.870    11.600     0.000     0.000     0.000     0.220     0.000     0.000   174.149    80.634   357.930   115.931     6.510     6.974   319.709
   56.2500     1.870    11.600     0.000     0.000     0.000     0.220     0.000     0.000   174.149    80.634   357.930   115.931     6.510     6.974   319.710
   56.5000     1.870    11.600     0.000     0.000     0.000     0.220     0.000     0.000   174.149    80.634   357.930   115.931     6.510     6.974   319.710
   56.7500     1.870    11.600     0.000     0.000     0.000     0.220     0.000     0.000   174.149    80.634   357.930   115.932     6.510     6.974   319.709
   57.0000     1.870    11.600     0.000     0.000     0.000     0.220     0.000     0.000   174.149    80.634   357.930   115.932     6.510     6.974   319.710
   57.2500     1.870    11.600     0.000     0.000     0.000     0.220     0.000     0.000   174.149    80.634   357.930   115.932     6.510     6.974   319.709
   57.5000     1.870    11.600     0.000     0.000     0.000     0.220     0.000     0.000   174.149    80.634   357.930   115.932     6.510     6.974   319.710
   57.7500     1.870    11.600     0.000     0.000     0.000     0.220     0.000     0.000   174.149    80.634   357.930   115.932     6.510     6.974   319.709
   58.0000     1.870    11.600     0.000     0.000     0.000     0.220     0.000     0.000   174.149    80.634   357.930   115.932     6.510     6.974   319.709
   58.2500     1.870    11.600     0.000     0.000     0.000     0.220     0.000     0.000   174.149    80.634   357.930   115.932     6.510     6.974   319.709
   58.5000     1.870    11.600     0.000     0.000     0.000     0.220     0.000     0.000   174.149    80.635   357.930   115.932     6.510     6.974   319.708
   58.7500     1.870    11.600     0.000     0.000     0.000     0.220     0.000     0.000   174.149    80.634   357.930   115.932     6.510     6.974   319.709
   59.0000     1.870    11.600     0.000     0.000     0.000     0.220     0.000     0.000   174.150    80.634   357.930   115.932     6.510     6.974   319.710
   59.2500     1.870    11.600     0.000     0.000     0.000     0.220     0.000     0.000   174.149    80.635   357.930   115.933     6.510     6.974   319.710
   59.5000     1.870    11.600     0.000     0.000     0.000     0.220     0.000     0.000   174.150    80.635   357.930   115.933     6.510     6.974   319.710
   59.7500     1.870    11.600     0.000     0.000     0.000     0.220     0.000     0.000   174.150    80.635   357.930   115.933     6.510     6.974   319.709
   60.0000     1.870    11.600     0.000     0.000     0.000     0.220     0.000     0.000   174.149    80.635   357.930   115.933     6.510     6.974   319.710
   60.2500     1.870    11.600     0.000     0.000     0.000     0.220     0.000     0.000   174.149    80.634   357.930   115.933     6.510     6.974   319.710
   60.5000     1.870    11.600     0.000     0.000     0.000     0.220     0.000     0.000   174.150    80.634   357.930   115.933     6.510     6.974   319.710
   60.7500     1.870    11.600     0.000     0.000     0.000     0.220     0.000     0.000   174.150    80.635   357.930   115.933     6.510     6.974   319.709
   61.0000     1.870    11.600     0.000     0.000     0.000     0.220     0.000     0.000   174.150    80.635   357.930   115.933     6.510     6.974   319.709
   61.2500     1.870    11.600     0.000     0.000     0.000     0.220     0.000     0.000   174.150    80.635   357.930   115.933     6.510     6.974   319.710
   61.5000     1.870    11.600     0.000     0.000     0.000     0.220     0.000     0.000   174.149    80.635   357.930   115.933     6.510     6.974   319.710
   61.7500     1.870    11.600     0.000     0.000     0.000     0.220     0.000     0.000   174.149    80.635   357.930   115.933     6.510     6.974   319.709
   62.0000     1.870    11.600     0.000     0.000     0.000     0.220     0.000     0.000   174.150    80.635   357.930   115.934     6.510     6.974   319.709
   62.2500     1.870    11.600     0.000     0.000     0.000     0.220     0.000     0.000   174.150    80.635   357.930   115.934     6.510     6.974   319.710
   62.5000     1.870    11.600     0.000     0.000     0.000     0.220     0.000     0.000   174.149    80.635   357.930   115.934     6.510     6.974   319.710
   62.7500     1.870    11.600     0.000     0.000     0.000     0.220     0.000     0.000   174.150    80.635   357.930   115.934     6.510     6.974   319.710
   63.0000     1.870    11.600     0.000     0.000     0.000     0.220     0.000     0.000   174.150    80.635   357.930   115.934     6.510     6.974   319.710
   63.2500     1.870    11.600     0.000     0.000     0.000     0.220     0.000     0.000   174.149    80.635   357.930   115.934     6.510     6.974   319.710
   63.5000     1.870    11.600     0.000     0.000     0.000     0.220     0.000     0.000   174.150    80.635   357.930   115.934     6.510     6.974   319.708
   63.7500     1.870    11.600     0.000     0.000     0.000     0.220     0.000     0.000   174.150    80.635   357.930   115.934     6.510     6.974   319.709
   64.0000     1.870    11.600     0.000     0.000     0.000     0.220     0.000     0.000   174.150    80.635   357.930   115.934     6.510     6.974   319.710
   64.2500     1.870    11.600     0.000     0.000     0.000     0.220     0.000     0.000   174.150    80.635   357.930   115.934     6.510     6.974   319.709
   64.5000     1.870    11.600     0.000     0.000     0.000     0.220     0.000     0.000   174.150    80.635   357.930   115.934     6.510     6.974   319.710
   64.7500     1.870    11.600     0.000     0.000     0.000     0.220     0.000     0.000   174.150    80.635   357.930   115.934     6.510     6.974   319.710
   65.0000     1.870    11.600     0.000     0.000     0.000     0.220     0.000     0.000   174.150    80.636   357.930   115.934     6.510     6.974   319.710
   65.2500     1.870    11.600     0.000     0.000     0.000     0.220     0.000     0.000   174.150    80.635   357.930   115.934     6.510     6.974   319.710
   65.5000     1.870    11.600     0.000     0.000     0.000     0.220     0.000     0.000   174.150    80.635   357.930   115.934     6.510     6.974   319.709
   65.7500     1.870    11.600     0.000     0.000     0.000     0.220     0.000     0.000   174.150    80.635   357.930   115.934     6.510     6.974   319.710
   66.0000     1.870    11.600     0.000     0.000     0.000     0.220     0.000     0.000   174.150    80.635   357.930   115.934     6.510     6.974   319.710
   66.2500     1.870    11.600     0.000     0.000     0.000     0.220     0.000     0.000   174.150    80.636   357.930   115.934     6.510     6.974   319.710
   66.5000     1.870    11.600     0.000     0.000     0.000     0.220     0.000     0.000   174.150    80.635   357.930   115.935     6.510     6.974   319.710
   66.7500     1.870    11.600     0.000     0.000     0.000     0.220     0.000     0.000   174.150    80.635   357.930   115.934     6.510     6.974   319.710
   67.0000     1.870    11.600     0.000     0.000     0.000     0.220     0.000     0.000   174.150    80.635   357.930   115.935     6.510     6.974   319.709
   67.2500     1.870    11.600     0.000     0.000     0.000     0.220     0.000     0.000   174.150    80.635   357.930   115.935     6.510     6.974   319.710
   67.5000     1.870    11.600     0.000     0.000     0.000     0.220     0.000     0.000   174.150    80.635   357.930   115.935     6.510     6.974   319.709
   67.7500     1.870    11.600     0.000     0.000     0.000     0.220     0.000     0.000   174.150    80.635   357.930   115.935     6.510     6.974   319.710
   68.0000     1.870    11.600     0.000     0.000     0.000     0.220     0.000     0.000   174.150    80.636   357.930   115.935     6.510     6.974   319.710
   68.2500     1.870    11.600     0.000     0.000     0.000     0.220     0.000     0.000   174.150    80.635   357.930   115.935     6.510     6.974   319.711
   68.5000     1.870    11.600     0.000     0.000     0.000     0.220     0.000     0.000   174.150    80.635   357.930   115.935     6.510     6.974   319.710
   68.7500     1.870    11.600     0.000     0.000     0.000     0.220     0.000     0.000   174.150    80.635   357.930   115.935     6.510     6.974   319.710
   69.0000     1.870    11.600     0.000     0.000     0.000     0.220     0.000     0.000   174.150    80.635   357.930   115.935     6.510     6.974   319.709
   69.2500     1.870    11.600     0.000     0.000     0.000     0.220     0.000     0.000   174.150    80.635   357.930   115.935     6.510     6.974   319.710
   69.5000     1.870    11.600     0.000     0.000     0.000     0.220     0.000     0.000   174.150    80.636   357.930   115.935     6.510     6.974   319.711
   69.7500     1.870    11.600     0.000     0.000     0.000     0.220     0.000     0.000   174.150    80.635   357.930   115.935     6.510     6.974   319.713
   70.0000     1.870    11.600     0.000     0.000     0.000     0.220     0.000     0.000   174.150    80.635   357.930   115.935     6.510     6.974   319.711
   70.2500     1.870    11.600     0.000     0.000     0.000     0.220     0.000     0.000   174.150    80.635   357.930   115.935     6.510     6.974   319.711
   70.5000     1.870    11.600     0.000     0.000     0.000     0.220     0.000     0.000   174.150    80.635   357.930   115.935     6.510     6.974   319.710
   70.7500     1.870    11.600     0.000     0.000     0.000     0.220     0.000     0.000   174.150    80.635   357.930   115.935     6.510     6.974   319.710
   71.0000     1.870    11.600     0.000     0.000     0.000     0.220     0.000     0.000   174.150    80.635   357.930   115.935     6.510     6.974   319.710
   71.2500     1.870    11.600     0.000     0.000     0.000     0.220     0.000     0.000   174.150    80.635   357.930   115.935     6.510     6.974   319.709
   71.5000     1.870    11.600     0.000     0.000     0.000     0.220     0.000     0.000   174.150    80.635   357.930   115.935     6.510     6.974   319.710
   71.7500     1.870    11.600     0.000     0.000     0.000     0.220     0.000     0.000   174.150    80.635   357.930   115.935     6.510     6.974   319.709
   72.0000     1.870    11.600     0.000     0.000     0.000     0.220     0.000     0.000   174.150    80.635   357.930   115.935     6.510     6.974   319.710
   72.2500     1.870    11.600     0.000     0.000     0.000     0.220     0.000     0.000   174.150    80.636   357.930   115.935     6.510     6.974   319.711
   72.5000     1.870    11.600     0.000     0.000     0.000     0.220     0.000     0.000   174.150    80.636   357.930   115.935     6.510     6.974   319.716
   72.7500     1.870    11.600     0.000     0.000     0.000     0.220     0.000     0.000   174.150    80.636   357.930   115.935     6.510     6.974   319.718
   73.0000     1.870    11.600     0.000     0.000     0.000     0.220     0.000     0.000   174.150    80.636   357.930   115.935     6.510     6.974   319.723
   73.2500     1.870    11.600     0.000     0.000     0.000     0.220     0.000     0.000   174.150    80.635   357.930   115.935     6.510     6.974   319.728
   73.5000     1.870    11.600     0.000     0.000     0.000     0.220     0.000     0.000   174.150    80.635   357.930   115.935     6.510     6.974   319.735
   73.7500     1.870    11.600     0.000     0.000     0.000     0.220     0.000     0.000   174.150    80.636   357.930   115.935     6.510     6.974   319.741
   74.0000     1.870    11.600     0.000     0.000     0.000     0.220     0.000     0.000   174.150    80.635   357.930   115.935     6.510     6.974   319.747
   74.2500     1.870    11.600     0.000     0.000     0.000     0.220     0.000     0.000   174.151    80.636   357.930   115.935     6.510     6.974   319.757
   74.5000     1.870    11.600     0.000     0.000     0.000     0.220     0.000     0.000   174.151    80.637   357.930   115.935     6.510     6.974   319.767
   74.7500     1.870    11.600     0.000     0.000     0.000     0.220     0.000     0.000   174.152    80.639   357.930   115.935     6.510     6.974   319.775
   75.0000     1.870    11.600     0.000     0.000     0.000     0.220     0.000     0.000   174.153    80.641   357.930   115.936     6.510     6.974   319.783
   75.2500     1.870    11.600     0.000     0.000     0.000     0.220     0.000     0.000   174.154    80.644   357.930   115.937     6.510     6.974   319.795
   75.5000     1.870    11.600     0.000     0.000     0.000     0.220     0.000     0.000   174.157    80.648   357.930   115.939     6.510     6.974   319.804
   75.7500     1.870    11.600     0.000     0.000     0.000     0.220     0.000     0.000   174.158    80.652   357.930   115.942     6.510     6.974   319.811
   76.0000     1.870    11.600     0.000     0.000     0.000     0.220     0.000     0.000   174.161    80.657   357.930   115.946     6.510     6.974   319.820
   76.2500     1.870    11.600     0.000     0.000     0.000     0.220     0.000     0.000   174.164    80.663   357.930   115.952     6.510     6.974   319.829
   76.5000     1.870    11.600     0.000     0.000     0.000     0.220     0.000     0.000   174.167    80.670   357.930   115.958     6.510     6.974   319.836
   76.7500     1.870    11.600     0.000     0.000     0.000     0.220     0.000     0.000   174.171    80.677   357.930   115.966     6.510     6.974   319.847
   77.0000     1.870    11.600     0.000     0.000     0.000     0.220     0.000     0.000   174.175    80.684   357.930   115.974     6.510     6.974   319.847
   77.2500     1.870    11.600     0.000     0.000     0.000     0.220     0.000     0.000   174.178    80.692   357.930   115.983     6.510     6.974   319.852
   77.5000     1.870    11.600     0.000     0.000     0.000     0.220     0.000     0.000   174.182    80.699   357.930   115.993     6.510     6.974   319.857
   77.7500     1.870    11.600     0.000     0.000     0.000     0.220     0.000     0.000   174.186    80.706   357.930   116.003     6.510     6.974   319.861
   78.0000     1.870    11.600     0.000     0.000     0.000     0.220     0.000     0.000   174.190    80.714   357.930   116.014     6.510     6.974   319.866
   78.2500     1.870    11.600     0.000     0.000     0.000     0.220     0.000     0.000   174.194    80.722   357.930   116.025     6.510     6.974   319.869
   78.5000     1.870    11.600     0.000     0.000     0.000     0.220     0.000     0.000   174.197    80.729   357.930   116.036     6.510     6.974   319.877
   78.7500     1.870    11.600     0.000     0.000     0.000     0.220     0.000     0.000   174.201    80.736   357.930   116.047     6.510     6.974   319.880
   79.0000     1.870    11.600     0.000     0.000     0.000     0.220     0.000     0.000   174.204    80.742   357.930   116.058     6.510     6.974   319.883
   79.2500     1.870    11.600     0.000     0.000     0.000     0.220     0.000     0.000   174.208    80.749   357.930   116.068     6.510     6.974   319.887
   79.5000     1.870    11.600     0.000     0.000     0.000     0.220     0.000     0.000   174.211    80.755   357.930   116.079     6.510     6.974   319.888
   79.7500     1.870    11.600     0.000     0.000     0.000     0.220     0.000     0.000   174.214    80.762   357.930   116.089     6.510     6.974   319.889
   80.0000     1.870    11.600     0.000     0.000     0.000     0.220     0.000     0.000   174.217    80.767   357.930   116.099     6.510     6.974   319.889
   80.2500     1.870    11.600     0.000     0.000     0.000     0.220     0.000     0.000   174.219    80.772   357.930   116.108     6.510     6.974   319.889
   80.5000     1.870    11.600     0.000     0.000     0.000     0.220     0.000     0.000   174.222    80.778   357.930   116.117     6.510     6.974   319.892
   80.7500     1.870    11.600     0.000     0.000     0.000     0.220     0.000     0.000   174.225    80.782   357.930   116.126     6.510     6.974   319.897
   81.0000     1.870    11.600     0.000     0.000     0.000     0.220     0.000     0.000   174.227    80.787   357.930   116.134     6.510     6.974   319.902
   81.2500     1.870    11.600     0.000     0.000     0.000     0.220     0.000     0.000   174.228    80.791   357.930   116.141     6.510     6.974   319.904
   81.5000     1.870    11.600     0.000     0.000     0.000     0.220     0.000     0.000   174.230    80.794   357.930   116.149     6.510     6.974   319.908
   81.7500     1.870    11.600     0.000     0.000     0.000     0.220     0.000     0.000   174.233    80.799   357.930   116.156     6.510     6.974   319.911
   82.0000     1.870    11.600     0.000     0.000     0.000     0.220     0.000     0.000   174.234    80.802   357.930   116.162     6.510     6.974   319.914
   82.2500     1.870    11.600     0.000     0.000     0.000     0.220     0.000     0.000   174.235    80.805   357.930   116.168     6.510     6.974   319.917
   82.5000     1.870    11.600     0.000     0.000     0.000     0.220     0.000     0.000   174.236    80.807   357.930   116.174     6.510     6.974   319.920
   82.7500     1.870    11.600     0.000     0.000     0.000     0.220     0.000     0.000   174.239    80.811   357.930   116.180     6.510     6.974   319.922
   83.0000     1.870    11.600     0.000     0.000     0.000     0.220     0.000     0.000   174.241    80.815   357.930   116.185     6.510     6.974   319.925
   83.2500     1.870    11.600     0.000     0.000     0.000     0.220     0.000     0.000   174.242    80.818   357.930   116.190     6.510     6.974   319.926
   83.5000     1.870    11.600     0.000     0.000     0.000     0.220     0.000     0.000   174.243    80.820   357.930   116.195     6.510     6.974   319.930
   83.7500     1.870    11.600     0.000     0.000     0.000     0.220     0.000     0.000   174.245    80.823   357.930   116.200     6.510     6.974   319.931
   84.0000     1.870    11.600     0.000     0.000     0.000     0.220     0.000     0.000   174.247    80.827   357.930   116.205     6.510     6.974   319.934
   84.2500     1.870    11.600     0.000     0.000     0.000     0.220     0.000     0.000   174.248    80.830   357.930   116.210     6.510     6.974   319.934
   84.5000     1.870    11.600     0.000     0.000     0.000     0.220     0.000     0.000   174.249    80.832   357.930   116.215     6.510     6.974   319.936
   84.7500     1.870    11.600     0.000     0.000     0.000     0.220     0.000     0.000   174.250    80.835   357.930   116.219     6.510     6.974   319.937
   85.0000     1.870    11.600     0.000     0.000     0.000     0.220     0.000     0.000   174.253    80.838   357.930   116.224     6.510     6.974   319.939
   85.2500     1.870    11.600     0.000     0.000     0.000     0.220     0.000     0.000   174.254    80.842   357.930   116.229     6.510     6.974   319.941
   85.5000     1.870    11.600     0.000     0.000     0.000     0.220     0.000     0.000   174.255    80.844   357.930   116.233     6.510     6.974   319.941
   85.7500     1.870    11.600     0.000     0.000     0.000     0.220     0.000     0.000   174.258    80.843   357.930   116.238     6.510     6.974   319.943
   86.0000     1.870    11.600     0.000     0.000     0.000     0.220     0.000     0.000   174.260    80.845   357.930   116.243     6.510     6.974   319.943
   86.2500     1.870    11.600     0.000     0.000     0.000     0.220     0.000     0.000   174.262    80.848   357.930   116.247     6.510     6.974   319.945
   86.5000     1.870    11.600     0.000     0.000     0.000     0.220     0.000     0.000   174.262    80.850   357.930   116.252     6.510     6.974   319.947
   86.7500     1.870    11.600     0.000     0.000     0.000     0.220     0.000     0.000   174.262    80.852   357.930   116.255     6.510     6.974   319.948
   87.0000     1.870    11.600     0.000     0.000     0.000     0.220     0.000     0.000   174.264    80.854   357.930   116.259     6.510     6.974   319.948
   87.2500     1.870    11.600     0.000     0.000     0.000     0.220     0.000     0.000   174.265    80.856   357.930   116.263     6.510     6.974   319.949
   87.5000     1.870    11.600     0.000     0.000     0.000     0.220     0.000     0.000   174.266    80.858   357.930   116.267     6.510     6.974   319.950
   87.7500     1.870    11.600     0.000     0.000     0.000     0.220     0.000     0.000   174.267    80.861   357.930   116.270     6.510     6.974   319.951
   88.0000     1.870    11.600     0.000     0.000     0.000     0.220     0.000     0.000   174.267    80.862   357.930   116.273     6.510     6.974   319.952
   88.2500     1.870    11.600     0.000     0.000     0.000     0.220     0.000     0.000   174.269    80.863   357.930   116.276     6.510     6.974   319.953
   88.5000     1.870    11.600     0.000     0.000     0.000     0.220     0.000     0.000   174.270    80.866   357.930   116.279     6.510     6.974   319.955
   88.7500     1.870    11.600     0.000     0.000     0.000     0.220     0.000     0.000   174.270    80.867   357.930   116.282     6.510     6.974   319.954
   89.0000     1.870    11.600     0.000     0.000     0.000     0.220     0.000     0.000   174.271    80.868   357.930   116.284     6.510     6.974   319.956
   89.2500     1.870    11.600     0.000     0.000     0.000     0.220     0.000     0.000   174.271    80.869   357.930   116.287     6.510     6.974   319.957
   89.5000     1.870    11.600     0.000     0.000     0.000     0.220     0.000     0.000   174.273    80.871   357.930   116.290     6.510     6.974   319.957
   89.7500     1.870    11.600     0.000     0.000     0.000     0.220     0.000     0.000   174.273    80.873   357.930   116.292     6.510     6.974   319.959
   90.0000     1.870    11.600     0.000     0.000     0.000     0.220     0.000     0.000   174.273    80.874   357.930   116.294     6.510     6.974   319.959
   90.2500     1.870    11.600     0.000     0.000     0.000     0.220     0.000     0.000   174.274    80.874   357.930   116.297     6.510     6.974   319.960
   90.5000     1.870    11.600     0.000     0.000     0.000     0.220     0.000     0.000   174.275    80.876   357.930   116.299     6.510     6.974   319.961
   90.7500     1.870    11.600     0.000     0.000     0.000     0.220     0.000     0.000   174.276    80.877   357.930   116.301     6.510     6.974   319.962
   91.0000     1.870    11.600     0.000     0.000     0.000     0.220     0.000     0.000   174.276    80.879   357.930   116.303     6.510     6.974   319.962
   91.2500     1.870    11.600     0.000     0.000     0.000     0.220     0.000     0.000   174.276    80.879   357.930   116.305     6.510     6.974   319.964
   91.5000     1.870    11.600     0.000     0.000     0.000     0.220     0.000     0.000   174.277    80.880   357.930   116.307     6.510     6.974   319.966
   91.7500     1.870    11.600     0.000     0.000     0.000     0.220     0.000     0.000   174.278    80.882   357.930   116.309     6.510     6.974   319.966
   92.0000     1.870    11.600     0.000     0.000     0.000     0.220     0.000     0.000   174.279    80.884   357.930   116.311     6.510     6.974   319.966
   92.2500     1.870    11.600     0.000     0.000     0.000     0.220     0.000     0.000   174.279    80.885   357.930   116.312     6.510     6.974   319.967
   92.5000     1.870    11.600     0.000     0.000     0.000     0.220     0.000     0.000   174.279    80.885   357.930   116.314     6.510     6.974   319.968
   92.7500     1.870    11.600     0.000     0.000     0.000     0.220     0.000     0.000   174.280    80.886   357.930   116.316     6.510     6.974   319.968
   93.0000     1.870    11.600     0.000     0.000     0.000     0.220     0.000     0.000   174.281    80.888   357.930   116.318     6.510     6.974   319.968
   93.2500     1.870    11.600     0.000     0.000     0.000     0.220     0.000     0.000   174.281    80.889   357.930   116.319     6.510     6.974   319.969
