  Abflussmengen durch die Kontrollquerschnitte
  ------------------------------------------- 
              Punktnummern: jeweils der erste Punkt im Nodestring
              21534        26887        28389        27866        61596        65496        62228        61975        65573        33697        53645        54492        64821        49873        1            
  Name:       01           02           03           04           05           06           07           08           09           21           22           Aulauf_Ie_VorAuslauf_Ie_AlAuslauf_Ie_VoHQ10         
  Zeit [h]    Abfluss [m^3/s]
---------------------------------------------
 
    0.0028        0.000        0.000        0.000        0.000        0.000        0.000        0.000        0.000        0.000        0.000        0.000        0.000        0.000        0.000        0.000
    0.0833        0.000        0.000        0.000        0.000        0.000        0.000        0.000        0.000        0.000        0.000        0.000        0.000        0.000        0.000        0.000
    0.1667        0.000        0.000        0.000        0.000        0.000        0.000        0.000        0.000        0.000        0.000        0.000        0.000        0.000        0.000        0.999
    0.2500        0.000        0.000        0.000        0.000        0.000        0.000        0.000        0.000        0.000        0.000        0.000        0.000        0.000        0.000        1.000
    0.3333        0.000        0.000        0.000        0.000        0.000        0.000        0.000        0.000        0.000        0.000        0.000        0.000        0.000        0.000        1.999
    0.4167        0.000        0.000        0.000        0.000        0.000        0.000        0.000        0.000        0.000        0.000        0.000        0.000        0.000        0.000        2.000
    0.5000        0.987        0.000        0.000        0.000        0.000        0.000        0.000        0.000        0.000        0.000        0.000        0.000        0.000        0.000        2.999
    0.5834        1.803        0.947        0.050        0.000        0.000        0.000        0.000        0.000        0.000        0.003        0.000        0.000        0.000        0.000        3.000
    0.6667        2.289        1.805        0.649        0.623        0.000        0.000        0.000        0.000        0.000        0.841        0.000        0.000        0.000        0.000        4.000
    0.7500        2.908        2.506        1.116        1.084        0.000        0.000        0.000        0.000        0.000        1.188        0.000        0.000        0.000        0.000        4.000
    0.8333        3.367        3.068        1.499        1.485        0.000        0.000        0.000        0.000        0.000        1.407        0.028        0.000        0.000        0.000        5.000
    0.9167        4.113        3.634        1.903        1.874        0.000        0.000        0.000        0.000        0.000        1.467        0.015        0.000        0.000        0.000        7.000
    1.0000        5.521        4.703        2.878        2.745        0.000        0.000        0.000        0.000        0.000        1.421        0.010        0.000        0.000        0.000       10.000
    1.0833        7.971        7.254        5.194        5.008        0.663        0.000        0.000        0.000        0.000        1.652        0.016        0.000        0.000        0.000       12.000
    1.1667       10.452        9.769        8.526        8.263        2.131        0.868        0.000        0.000        0.000        0.942        0.009        0.000        0.000        0.000       15.000
    1.2500       13.201       12.694       11.500       11.275        5.077        3.271        0.000        0.000        0.000        0.926        0.016        0.000        0.000        0.000       17.000
    1.3333       14.809       14.453       13.695       13.505        7.912        6.761        3.735        3.306        0.000        0.555        0.005        0.000        0.000        0.000       20.000
    1.4167       16.615       16.163       15.392       15.202        9.982        9.666        7.195        6.887        5.282        0.562        0.005        0.000        0.000        0.000       25.000
    1.5000       18.249       17.941       17.292       17.145       11.929       12.006        9.741        9.510        8.298        0.456        0.004        0.000        5.625        0.000       30.000
    1.5833       20.063       19.635       18.817       18.677       13.662       14.024       11.980       11.784       10.826        0.667        0.004        0.000        8.991        0.000       35.000
    1.6667       25.729       24.686       22.219       21.998       15.247       15.904       13.949       13.792       12.984        2.075        0.010        0.000       11.511        0.000       40.000
    1.7500       31.272       30.316       25.713       25.487       17.999       18.375       15.451       15.324       14.670        4.301        0.005        0.000       13.526        0.000       45.000
    1.8333       36.997       35.800       28.308       28.067       21.597       19.660       16.837       16.727       16.116        7.221        0.001        0.000       15.164        0.000       50.000
    1.9167       42.383       40.803       30.610       30.146       23.128       22.656       18.897       18.781       17.622        9.672       -0.000        0.000       16.631        0.000       55.000
    2.0000       48.057       45.033       32.538       31.525       24.860       25.800       21.870       21.749       19.202       11.635        0.001        0.000       18.224        0.000       60.000
    2.0833       54.098       48.985       34.289       32.987       29.481       30.543       25.538       25.371       21.235       13.360        0.001        0.000       19.911        0.000       68.000
    2.1667       60.002       52.581       35.968       34.602       33.859       34.090       30.278       30.152       23.944       14.836        0.001        0.000       21.745        0.000       68.000
    2.2500       63.442       54.472       36.723       35.523       36.617       40.466       33.798       33.617       25.939       15.611        0.001        0.000       22.808        0.000       68.000
    2.3333       65.459       55.525       37.294       35.768       37.520       45.111       40.152       40.025       29.723       16.020        0.000        0.000       23.916        0.975       68.000
    2.4167       66.609       56.078       37.537       35.954       38.354       48.528       44.646       44.552       32.550       16.222        0.000        0.506       24.720        2.063       68.000
    2.5000       67.027       56.321       37.573       36.005       38.615       50.924       48.015       47.938       35.195       16.314       -0.000        1.699       25.584        3.256       68.000
    2.5833       67.099       56.332       37.670       35.946       38.940       52.923       50.059       49.977       38.374       16.305        0.000        2.949       27.202        4.250       68.000
    2.6667       67.124       56.354       37.503       35.717       39.480       54.470       51.817       51.735       41.320       16.295       -0.000        4.029       30.472        4.950       68.000
    2.7500       67.136       56.356       37.437       35.503       40.561       56.607       53.796       53.711       43.737       16.278        0.000        4.906       33.545        5.484       68.000
    2.8333       67.148       56.356       37.399       35.298       41.645       59.211       56.275       56.192       46.129       16.256        0.000        5.622       36.226        5.944       68.000
    2.9167       67.158       56.356       37.367       35.188       42.133       61.261       58.666       58.587       48.420       16.260       -0.000        6.226       38.548        6.377       68.000
    3.0000       67.166       56.357       37.343       35.119       42.162       63.015       60.477       60.409       50.484       16.263        0.000        6.771       40.646        6.778       68.000
    3.0833       67.173       56.357       37.332       35.090       42.068       63.718       62.131       62.094       52.195       16.266        0.000        7.208       42.377        7.100       68.000
    3.1667       67.178       56.357       37.326       35.070       41.994       64.304       63.038       63.005       53.592       16.276        0.000        7.597       43.902        7.395       68.000
    3.2500       67.184       56.357       37.320       35.058       41.817       64.912       63.867       63.839       54.533       16.277        0.000        7.903       45.097        7.593       68.000
    3.3333       67.190       56.357       37.318       35.051       41.698       65.156       64.446       64.421       55.321       16.279        0.000        8.107       45.910        7.747       68.000
    3.4167       67.194       56.357       37.315       35.043       41.655       65.364       64.761       64.736       55.986       16.406       -0.000        8.308       46.699        7.899       68.000
    3.5000       67.198       56.357       37.314       35.040       41.623       65.468       64.969       64.948       56.337       16.275       -0.000        8.453       47.265        7.987       68.000
    3.5833       67.202       56.357       37.313       35.189       41.606       65.536       65.089       65.070       56.472       16.275        0.000        8.497       47.436        8.017       68.000
    3.6667       67.206       56.358       37.312       35.122       41.609       65.583       65.152       65.134       56.534       16.275        0.000        8.511       47.494        8.029       68.000
    3.7500       67.210       56.359       37.309       35.021       41.613       65.616       65.199       65.181       56.577       16.276       -0.000        8.521       47.532        8.037       68.000
    3.8333       67.213       56.360       37.311       35.094       41.613       65.647       65.230       65.213       56.612       16.281       -0.000        8.529       47.563        8.043       68.000
    3.9167       67.215       56.361       37.310       35.093       41.611       65.673       65.259       65.241       56.640       16.280       -0.000        8.535       47.587        8.048       68.000
    4.0000       67.219       56.361       37.309       35.093       41.612       65.693       65.285       65.267       56.665       16.410        0.000        8.540       47.609        8.053       68.000
    4.0833       67.817       56.607       37.408       35.191       41.617       65.713       65.310       65.293       56.691       16.370        0.000        8.546       47.631        8.057       70.000
    4.1667       69.470       57.337       37.709       35.428       41.858       66.134       65.557       65.537       56.831       16.632        0.001        8.560       47.689        8.073       75.000
    4.2500       72.573       58.676       38.293       36.029       42.400       67.038       66.210       66.185       57.301       17.105        0.000        8.643       48.026        8.144       80.000
    4.3333       76.491       60.404       38.984       36.725       43.395       68.722       67.385       67.356       58.164       17.731        0.001        8.778       48.576        8.266       85.000
    4.4167       81.018       62.329       39.740       37.440       44.645       70.823       68.959       68.924       59.281       18.492        0.000        8.985       49.411        8.436       90.000
    4.5000       86.513       64.514       40.619       38.254       46.301       73.889       71.589       71.550       60.773       19.350        0.001        9.221       50.381        8.621       98.000
    4.5833       92.186       66.823       41.612       39.461       48.295       77.438       74.398       74.206       62.956       20.268        0.340        9.492       51.517        8.923       98.000
    4.6667       95.357       68.016       42.220       40.081       49.954       80.697       77.294       77.212       65.366       20.759        2.286        9.930       53.292        9.291       98.000
    4.7500       96.619       68.470       42.429       40.247       50.906       85.707       81.520       81.440       68.105       20.964        3.592       10.433       55.326        9.683       98.000
    4.8333       96.711       68.494       42.461       40.135       51.293       88.581       85.079       85.008       71.078       20.994        4.056       10.961       57.484       10.141       98.000
    4.9167       96.746       68.501       42.468       40.095       51.209       90.971       87.575       87.587       73.498       21.021        4.279       11.502       59.670       10.558       98.000
    5.0000       96.775       68.506       42.469       40.085       50.912       91.131       89.449       89.454       75.755       20.880        4.380       12.014       61.718       10.973       98.000
    5.0833       96.789       68.509       42.468       40.087       50.881       92.768       90.547       90.586       77.230       21.037        4.477       12.364       63.122       11.249       98.000
    5.1667       96.802       68.512       42.469       40.088       50.624       93.423       91.809       91.856       78.457       21.046        4.567       12.653       64.269       11.466       98.000
    5.2500       96.814       68.514       42.468       40.091       50.490       93.721       92.241       92.294       79.443       21.050        4.640       12.939       65.407       11.679       98.000
    5.3333       96.823       68.515       42.468       40.094       50.355       93.793       92.729       92.788       80.048       21.056        4.690       13.129       66.153       11.807       98.000
    5.4167       96.830       68.517       42.468       40.096       50.303       93.929       93.045       93.108       80.353       21.059        4.724       13.195       66.419       11.860       98.000
    5.5000       96.836       68.518       42.468       40.099       50.266       94.012       93.185       93.250       80.485       21.062        4.744       13.224       66.536       11.882       98.000
    5.5833       96.842       68.519       42.468       40.101       50.256       94.053       93.262       93.328       80.559       21.064        4.758       13.240       66.600       11.894       98.000
    5.6667       96.849       68.520       42.468       40.100       50.251       94.145       93.359       93.425       80.641       21.066        4.781       13.256       66.663       11.908       98.000
    5.7500       96.857       68.522       42.467       40.102       50.244       94.174       93.397       93.464       80.676       21.066        4.789       13.275       66.738       11.916       98.000
    5.8333       96.862       68.523       42.468       40.104       50.239       94.210       93.438       93.505       80.723       21.069        4.797       13.277       66.748       11.923       98.000
    5.9167       96.867       68.524       42.469       40.104       50.230       94.276       93.478       93.544       80.759       21.069        4.805       13.283       66.771       11.928       98.000
    6.0000       96.870       68.525       42.469       40.105       50.230       94.295       93.531       93.599       80.804       21.070        4.811       13.291       66.803       11.935       98.000
    6.0833       96.873       68.526       42.469       40.106       50.195       94.240       93.597       93.666       80.857       21.071        4.816       13.300       66.841       11.943       98.000
    6.1667       96.877       68.527       42.470       40.109       50.202       94.351       93.607       93.674       80.882       21.071        4.823       13.307       66.869       11.948       98.000
    6.2500       96.881       68.528       42.470       40.109       50.235       94.496       93.663       93.730       80.909       21.073        4.843       13.312       66.887       11.951       98.000
    6.3333       96.885       68.529       42.470       40.108       50.210       94.496       93.745       93.814       80.994       20.923        4.841       13.325       66.941       11.964       98.000
    6.4167       96.888       68.530       42.470       40.109       50.202       94.473       93.757       93.826       81.017       21.075        4.843       13.334       66.976       11.970       98.000
    6.5000       97.909       68.863       42.615       40.293       50.225       94.498       93.768       93.838       81.036       21.185        4.921       13.340       67.000       11.973      100.000
    6.5833      100.247       69.664       42.984       40.739       50.463       95.466       94.336       94.402       81.369       21.483        5.276       13.396       67.225       12.021      105.000
    6.6667      103.668       70.923       43.587       41.777       50.864       97.081       95.582       95.650       82.811       21.986        5.856       13.573       67.936       12.162      110.000
    6.7500      107.406       72.267       44.172       42.668       51.395       99.158       97.022       97.098       84.047       22.463        6.790       13.817       68.916       12.353      111.000
    6.8333      109.331       72.947       44.328       42.843       51.929      101.710       98.955       99.032       84.993       22.745        7.739       14.088       70.009       12.569      111.000
    6.9167      109.470       72.967       44.244       42.660       52.035      103.677      101.035      101.116       86.446       22.785        8.399       14.386       71.202       12.798      111.000
    7.0000      109.511       72.960       44.222       42.664       51.810      105.062      102.627      102.710       87.909       22.797        8.646       14.673       72.360       13.029      111.000
    7.0833      109.533       72.957       44.210       42.660       51.443      105.771      104.006      104.097       89.272       22.800        8.768       14.970       73.539       13.263      111.000
    7.1667      109.551       72.953       44.198       42.662       51.194      106.086      104.757      104.851       90.158       22.801        8.856       15.167       74.322       13.419      111.000
    7.2500      109.567       72.950       44.194       42.658       51.067      106.262      105.171      105.266       90.999       22.801        8.923       15.251       74.659       13.484      111.000
    7.3333      109.579       72.949       44.191       42.654       51.011      106.354      105.353      105.452       90.994       22.800        8.950       15.298       74.847       13.514      111.000
    7.4167      109.591       72.949       44.188       42.656       50.995      106.415      105.430      105.527       91.666       22.800        8.965       15.306       74.881       13.522      111.000
    7.5000      109.598       72.948       44.189       42.656       50.985      106.460      105.482      105.578       91.287       22.800        8.977       15.317       74.922       13.530      111.000
    7.5833      109.606       72.948       44.186       42.654       50.978      106.498      105.523      105.620       90.592       22.799        8.986       15.326       74.957       13.537      111.000
    7.6667      109.613       72.948       44.179       42.637       50.972      106.589      105.579      105.675       91.259       22.796        9.031       15.333       74.986       13.542      111.000
    7.7500      109.619       72.948       44.176       42.642       50.965      106.628      105.650      105.746       91.412       22.796        9.035       15.346       75.038       13.552      111.000
    7.8333      109.625       72.948       44.175       42.642       50.959      106.652      105.683      105.780       91.229       22.795        9.037       15.354       75.071       13.558      111.000
    7.9167      109.630       72.949       44.175       42.641       50.955      106.669      105.710      105.806       91.253       22.795        9.040       15.361       75.097       13.563      111.000
    8.0000      109.636       72.949       44.174       42.642       50.950      106.687      105.730      105.827       91.486       22.795        9.043       15.366       75.117       13.567      111.000
    8.0833      109.667       72.953       44.175       42.647       50.947      106.702      105.748      105.845       90.767       22.796        9.047       15.371       75.136       13.571      111.000
    8.1667      109.672       72.954       44.176       42.648       50.944      106.716      105.766      105.862       91.942       22.796        9.050       15.375       75.153       13.574      111.000
    8.2500      109.680       72.955       44.177       42.648       50.940      106.731      105.784      105.880       91.319       22.796        9.054       15.379       75.168       13.577      111.000
    8.3333      109.685       72.957       44.177       42.649       50.937      106.743      105.799      105.896       90.810       22.796        9.058       15.382       75.182       13.579      111.000
    8.4167      109.687       72.958       44.176       42.651       50.934      106.754      105.814      105.910       91.038       22.796        9.064       15.386       75.196       13.582      111.000
    8.5000      109.689       72.958       44.176       42.652       50.931      106.768      105.827      105.924       91.474       22.796        9.069       15.389       75.208       13.584      111.000
    8.5833      109.690       72.958       44.174       42.645       50.929      106.779      105.842      105.939       90.846       22.795        9.076       15.392       75.220       13.587      111.000
    8.6667      109.693       72.958       44.171       42.641       50.928      106.794      105.855      105.952       91.072       22.791        9.099       15.395       75.233       13.589      111.000
    8.7500      109.697       72.959       44.166       42.620       50.931      106.889      105.892      105.989       91.086       22.787        9.159       15.398       75.243       13.591      111.000
    8.8333      109.700       72.959       44.161       42.615       50.935      106.976      105.986      106.082       91.436       22.788        9.177       15.405       75.271       13.597      111.000
    8.9167      109.715       72.960       44.157       42.610       50.938      107.072      106.072      106.168       91.493       22.790        9.219       15.417       75.318       13.606      111.000
    9.0000      109.726       72.963       44.156       42.607       50.941      107.137      106.144      106.241       91.658       22.792        9.255       15.429       75.369       13.616      111.000
    9.0833      109.733       72.963       44.155       42.608       50.942      107.200      106.216      106.312       91.600       22.793        9.235       15.443       75.423       13.626      111.000
    9.1667      109.741       72.965       44.154       42.610       50.940      107.226      106.252      106.348       91.628       22.794        9.280       15.453       75.462       13.633      111.000
    9.2500      109.748       72.966       44.154       42.611       50.941      107.235      106.273      106.368       91.767       22.795        9.279       15.460       75.488       13.638      111.000
    9.3333      109.757       72.967       44.154       42.614       50.941      107.263      106.295      106.391       92.314       22.796        9.266       15.465       75.509       13.641      111.000
    9.4167      109.764       72.968       44.153       42.612       50.942      107.288      106.320      106.416       91.906       22.797        9.305       15.470       75.527       13.645      111.000
    9.5000      109.772       72.970       44.153       42.617       50.941      107.313      106.346      106.442       91.925       22.798        9.318       15.475       75.547       13.649      111.000
    9.5833      109.777       72.970       44.154       42.617       50.940      107.333      106.372      106.468       91.196       22.798        9.297       15.480       75.564       13.652      111.000
    9.6667      109.784       72.972       44.155       42.619       50.940      107.352      106.393      106.489       91.214       22.799        9.292       15.484       75.581       13.656      111.000
    9.7500      109.789       72.973       44.153       42.625       50.940      107.371      106.412      106.509       92.403       22.799        9.308       15.488       75.598       13.659      111.000
    9.8333      109.794       72.974       44.153       42.624       50.940      107.389      106.432      106.528       91.889       22.800        9.333       15.492       75.614       13.662      111.000
    9.9167      109.799       72.975       44.154       42.621       50.939      107.399      106.465      106.560       92.010       22.800        9.347       15.496       75.630       13.665      111.000
   10.0000      109.803       72.976       44.154       42.619       50.939      107.415      106.480      106.578       92.453       22.801        9.353       15.501       75.647       13.669      111.000
